1 0.671875 0.64140625 0.05078125 0.0375
1 0.446875 0.640625 0.04921875 0.01875
1 0.3515625 0.640625 0.04765625 0.01640625
1 0.496875 0.8546875 0.05078125 0.034375
1 0.078125 0.82734375 0.0484375 0.0265625
1 0.196875 0.7828125 0.0515625 0.03359375
1 0.13046875 0.6390625 0.04765625 0.03984375
1 0.009375 0.665625 0.01875 0.03203125
1 0.23671875 0.56953125 0.05234375 0.0265625
1 0.409375 0.51328125 0.0421875 0.025
1 0.459375 0.5125 0.04453125 0.03671875
1 0.32734375 0.484375 0.0515625 0.02734375
1 0.04765625 0.4328125 0.05546875 0.03828125
1 0.1890625 0.41953125 0.07734375 0.040625
1 0.00859375 0.48125 0.0171875 0.03828125
3 0.32109375 0.59921875 0.6421875 0.6703125
3 0.52109375 0.778125 0.51171875 0.33359375