1 0.08125 0.18984375 0.03125 0.0171875
1 0.0890625 0.15078125 0.028125 0.0203125
1 0.12421875 0.06796875 0.0265625 0.0140625
1 0.05390625 0.01171875 0.0359375 0.01875
1 0.18515625 0.11015625 0.0328125 0.0171875
1 0.2296875 0.13125 0.015625 0.00625
1 0.3515625 0.1421875 0.028125 0.015625
1 0.2359375 0.22421875 0.034375 0.0171875
1 0.3296875 0.05 0.03125 0.015625
1 0.2015625 0.0484375 0.03125 0.009375
1 0.24375 0.00390625 0.0375 0.0078125
3 0.31484375 0.15234375 0.034375 0.0140625
3 0.2171875 0.1234375 0.428125 0.246875
3 0.26171875 0.196875 0.20625 0.140625