1 0.18984375 0.91875 0.0171875 0.0296875
1 0.15078125 0.9109375 0.01953125 0.02734375
1 0.06796875 0.87578125 0.01328125 0.02578125
1 0.01171875 0.94609375 0.01875 0.0359375
1 0.11015625 0.81484375 0.01640625 0.03203125
1 0.13125 0.7703125 0.0078125 0.01484375
1 0.1421875 0.6484375 0.015625 0.02890625
1 0.22421875 0.7640625 0.01796875 0.03515625
1 0.05 0.6703125 0.015625 0.03046875
1 0.0484375 0.7984375 0.00859375 0.03203125
1 0.00390625 0.75625 0.00703125 0.0359375
3 0.15234375 0.68515625 0.01328125 0.034375
3 0.1234375 0.7828125 0.246875 0.428125
3 0.196875 0.73828125 0.140625 0.20625