1 0.328125 0.35859375 0.05 0.0375
1 0.553125 0.359375 0.05 0.01875
1 0.6484375 0.359375 0.046875 0.015625
1 0.503125 0.1453125 0.05 0.034375
1 0.921875 0.17265625 0.05 0.0265625
1 0.803125 0.2171875 0.05 0.034375
1 0.86953125 0.3609375 0.0484375 0.040625
1 0.990625 0.334375 0.01875 0.03125
1 0.76328125 0.43046875 0.0515625 0.0265625
1 0.590625 0.48671875 0.04375 0.025
1 0.540625 0.4875 0.04375 0.0375
1 0.67265625 0.515625 0.0515625 0.028125
1 0.95234375 0.5671875 0.0546875 0.0375
1 0.8109375 0.58046875 0.078125 0.040625
1 0.99140625 0.51875 0.0171875 0.0375
3 0.67890625 0.40078125 0.6421875 0.6703125
3 0.47890625 0.221875 0.5109375 0.334375