1 0.4953125 0.29765625 0.04375 0.0453125
1 0.39296875 0.3546875 0.040625 0.04375
1 0.61484375 0.3265625 0.0390625 0.04375
1 0.753125 0.34296875 0.03125 0.0234375
1 0.74140625 0.4109375 0.0359375 0.021875
1 0.61796875 0.45078125 0.0515625 0.0390625
1 0.54609375 0.484375 0.040625 0.040625
1 0.77890625 0.496875 0.0296875 0.03125
1 0.70625 0.60390625 0.040625 0.0421875
1 0.6328125 0.6765625 0.040625 0.040625
1 0.43515625 0.5 0.0328125 0.025
1 0.36796875 0.61484375 0.0390625 0.0421875
1 0.3234375 0.54765625 0.03125 0.0203125
1 0.37421875 0.7359375 0.040625 0.05
1 0.4609375 0.6640625 0.046875 0.034375
1 0.56171875 0.64765625 0.0421875 0.0484375
3 0.50390625 0.475 0.6546875 0.684375