1 0.64921875 0.6015625 0.065625 0.03515625
1 0.6203125 0.590625 0.04296875 0.034375
1 0.6765625 0.553125 0.059375 0.03203125
1 0.73125 0.5421875 0.06171875 0.028125
1 0.75390625 0.5109375 0.0484375 0.03125
1 0.3046875 0.6859375 0.05234375 0.03203125
1 0.0453125 0.5265625 0.0484375 0.02265625
1 0.3390625 0.4703125 0.046875 0.025
1 0.28125 0.378125 0.05390625 0.025
1 0.1296875 0.5453125 0.0546875 0.01953125
1 0.12109375 0.77578125 0.0609375 0.04921875
3 0.021875 0.39609375 0.03515625 0.02578125
3 0.61171875 0.571875 0.5796875 0.2296875
3 0.3546875 0.62578125 0.70859375 0.5875