1 0.70234375 0.4953125 0.0453125 0.04375
1 0.6453125 0.39296875 0.04375 0.040625
1 0.6734375 0.61484375 0.04375 0.0390625
1 0.65703125 0.753125 0.0234375 0.03125
1 0.5890625 0.74140625 0.021875 0.0359375
1 0.54921875 0.61796875 0.0390625 0.0515625
1 0.515625 0.54609375 0.040625 0.040625
1 0.503125 0.77890625 0.03125 0.0296875
1 0.39609375 0.70625 0.0421875 0.040625
1 0.3234375 0.6328125 0.040625 0.040625
1 0.5 0.43515625 0.025 0.0328125
1 0.38515625 0.36796875 0.0421875 0.0390625
1 0.45234375 0.3234375 0.0203125 0.03125
1 0.2640625 0.37421875 0.05 0.040625
1 0.3359375 0.4609375 0.034375 0.046875
1 0.35234375 0.56171875 0.0484375 0.0421875
3 0.525 0.50390625 0.684375 0.6546875