1 0.5046875 0.70234375 0.04296875 0.04609375
1 0.60703125 0.6453125 0.040625 0.04375
1 0.38515625 0.6734375 0.03984375 0.04375
1 0.246875 0.65703125 0.0328125 0.0234375
1 0.25859375 0.5890625 0.0359375 0.021875
1 0.38203125 0.54921875 0.05234375 0.03828125
1 0.45390625 0.515625 0.040625 0.04140625
1 0.22109375 0.503125 0.03046875 0.03125
1 0.29375 0.39609375 0.03984375 0.04296875
1 0.3671875 0.3234375 0.03984375 0.0421875
1 0.56484375 0.5 0.0328125 0.0234375
1 0.63203125 0.38515625 0.0390625 0.0421875
1 0.6765625 0.45234375 0.03125 0.0203125
1 0.62578125 0.2640625 0.040625 0.04921875
1 0.5390625 0.3359375 0.04765625 0.034375
1 0.43828125 0.35234375 0.04140625 0.04765625
3 0.49609375 0.525 0.65390625 0.68515625