1 0.3984375 0.64921875 0.034375 0.065625
1 0.409375 0.6203125 0.034375 0.04375
1 0.446875 0.6765625 0.03125 0.059375
1 0.4578125 0.73125 0.028125 0.0625
1 0.4890625 0.75390625 0.03125 0.0484375
1 0.3140625 0.3046875 0.03125 0.053125
1 0.4734375 0.0453125 0.021875 0.046875
1 0.5296875 0.3390625 0.025 0.046875
1 0.621875 0.28125 0.025 0.053125
1 0.4546875 0.1296875 0.01875 0.053125
1 0.22421875 0.12109375 0.0484375 0.0609375
3 0.60390625 0.021875 0.0265625 0.034375
3 0.428125 0.61171875 0.23125 0.5796875
3 0.37421875 0.3546875 0.5875 0.709375