1 0.6015625 0.35078125 0.034375 0.065625
1 0.590625 0.3796875 0.034375 0.04375
1 0.553125 0.3234375 0.03125 0.059375
1 0.5421875 0.26875 0.028125 0.0625
1 0.5109375 0.24609375 0.03125 0.0484375
1 0.6859375 0.6953125 0.03125 0.053125
1 0.5265625 0.9546875 0.021875 0.046875
1 0.4703125 0.6609375 0.025 0.046875
1 0.378125 0.71875 0.025 0.053125
1 0.5453125 0.8703125 0.01875 0.053125
1 0.77578125 0.87890625 0.0484375 0.0609375
3 0.39609375 0.978125 0.0265625 0.034375
3 0.571875 0.38828125 0.23125 0.5796875
3 0.62578125 0.6453125 0.5875 0.709375