1 0.77578125 0.46953125 0.0328125 0.0203125
1 0.77578125 0.54453125 0.0328125 0.021875
1 0.70703125 0.615625 0.0328125 0.01875
1 0.6375 0.54296875 0.03125 0.01875
1 0.6953125 0.50703125 0.034375 0.0203125
1 0.6859375 0.40703125 0.034375 0.0203125
1 0.65390625 0.43828125 0.034375 0.021875
1 0.58828125 0.38984375 0.0375 0.0234375
1 0.5765625 0.49296875 0.034375 0.0234375
1 0.56015625 0.44296875 0.0296875 0.0203125
1 0.503125 0.4109375 0.03125 0.01875
1 0.61875 0.60703125 0.03125 0.0234375
1 0.56484375 0.6390625 0.0296875 0.021875
1 0.5390625 0.57734375 0.03125 0.0234375
1 0.5 0.50390625 0.03125 0.0234375
1 0.4375 0.4828125 0.03125 0.025
1 0.46015625 0.5859375 0.0328125 0.01875
2 0.76171875 0.509375 0.0828125 0.053125
2 0.73515625 0.58203125 0.0796875 0.0546875
2 0.62109375 0.62265625 0.0828125 0.053125
2 0.71875 0.4421875 0.084375 0.05
2 0.6359375 0.47578125 0.075 0.0515625
2 0.58515625 0.4015625 0.0765625 0.05
2 0.48671875 0.45703125 0.078125 0.0515625
2 0.43125 0.5234375 0.08125 0.05625
2 0.575 0.55625 0.0875 0.059375
2 0.51328125 0.60625 0.0734375 0.05
3 0.59453125 0.51171875 0.5109375 0.3328125