1 0.53046875 0.77578125 0.0203125 0.0328125
1 0.45546875 0.77578125 0.021875 0.0328125
1 0.384375 0.70703125 0.01875 0.0328125
1 0.45703125 0.6375 0.01875 0.03125
1 0.49296875 0.6953125 0.0203125 0.034375
1 0.59296875 0.6859375 0.0203125 0.034375
1 0.56171875 0.65390625 0.021875 0.034375
1 0.61015625 0.58828125 0.0234375 0.0375
1 0.50703125 0.5765625 0.0234375 0.034375
1 0.55703125 0.56015625 0.0203125 0.0296875
1 0.5890625 0.503125 0.01875 0.03125
1 0.39296875 0.61875 0.0234375 0.03125
1 0.3609375 0.56484375 0.021875 0.0296875
1 0.42265625 0.5390625 0.0234375 0.03125
1 0.49609375 0.5 0.0234375 0.03125
1 0.5171875 0.4375 0.025 0.03125
1 0.4140625 0.46015625 0.01875 0.0328125
2 0.490625 0.76171875 0.053125 0.0828125
2 0.41796875 0.73515625 0.0546875 0.0796875
2 0.37734375 0.62109375 0.053125 0.0828125
2 0.5578125 0.71875 0.05 0.084375
2 0.52421875 0.6359375 0.0515625 0.075
2 0.5984375 0.58515625 0.05 0.0765625
2 0.54296875 0.48671875 0.0515625 0.078125
2 0.4765625 0.43125 0.05625 0.08125
2 0.44375 0.575 0.059375 0.0875
2 0.39375 0.51328125 0.05 0.0734375
3 0.48828125 0.59453125 0.3328125 0.5109375