1 0.3703125 0.69609375 0.0453125 0.04375
1 0.321875 0.65234375 0.03359375 0.0390625
1 0.29375 0.61328125 0.03125 0.04609375
1 0.28125 0.55703125 0.02734375 0.03984375
1 0.2515625 0.52734375 0.0359375 0.04375
1 0.31015625 0.475 0.03671875 0.0390625
1 0.28203125 0.371875 0.0265625 0.059375
1 0.49140625 0.68359375 0.0375 0.04296875
1 0.50546875 0.60703125 0.04375 0.04296875
1 0.5671875 0.6359375 0.03671875 0.0390625
1 0.69296875 0.609375 0.01875 0.01953125
1 0.5921875 0.5109375 0.0671875 0.0671875
1 0.61328125 0.45078125 0.02890625 0.0375
1 0.59140625 0.425 0.0359375 0.04765625
1 0.440625 0.41015625 0.04765625 0.0203125
1 0.5 0.3609375 0.04453125 0.0359375
1 0.4484375 0.33203125 0.03828125 0.0390625
1 0.41640625 0.3484375 0.01953125 0.0265625
1 0.53046875 0.25 0.0421875 0.04296875
1 0.5296875 0.2953125 0.0296875 0.04296875
1 0.596875 0.303125 0.025 0.01796875
1 0.6796875 0.4390625 0.01875 0.03125
1 0.6515625 0.35703125 0.02578125 0.0296875
1 0.69375 0.3765625 0.02265625 0.02109375
1 0.38984375 0.24375 0.0265625 0.0265625
1 0.43125 0.20703125 0.0171875 0.02109375
3 0.49765625 0.4828125 0.6609375 0.70234375
3 0.1640625 0.93359375 0.3265625 0.1328125
3 0.07578125 0.7359375 0.1515625 0.2359375