1 0.69609375 0.6296875 0.04375 0.046875
1 0.65234375 0.678125 0.0390625 0.034375
1 0.61328125 0.70625 0.0453125 0.03125
1 0.55703125 0.71875 0.0390625 0.028125
1 0.52734375 0.7484375 0.04375 0.034375
1 0.475 0.68984375 0.0375 0.0359375
1 0.371875 0.71796875 0.059375 0.0265625
1 0.68359375 0.50859375 0.0421875 0.0375
1 0.60703125 0.49453125 0.0421875 0.04375
1 0.6359375 0.4328125 0.040625 0.0375
1 0.609375 0.30703125 0.01875 0.01875
1 0.5109375 0.4078125 0.065625 0.065625
1 0.45078125 0.38671875 0.0375 0.0296875
1 0.425 0.40859375 0.046875 0.0359375
1 0.41015625 0.559375 0.0203125 0.046875
1 0.3609375 0.5 0.034375 0.04375
1 0.33203125 0.5515625 0.0390625 0.0375
1 0.3484375 0.58359375 0.028125 0.0203125
1 0.25 0.46953125 0.04375 0.0421875
1 0.2953125 0.4703125 0.04375 0.028125
1 0.303125 0.403125 0.01875 0.025
1 0.4390625 0.3203125 0.03125 0.01875
1 0.35703125 0.3484375 0.0296875 0.025
1 0.3765625 0.30625 0.021875 0.021875
1 0.24375 0.61015625 0.025 0.0265625
1 0.20703125 0.56875 0.0203125 0.01875
3 0.4828125 0.50234375 0.703125 0.6609375
3 0.93359375 0.8359375 0.1328125 0.328125
3 0.7359375 0.92421875 0.234375 0.1515625