1 0.41015625 0.78671875 0.03203125 0.0453125
1 0.3453125 0.7203125 0.02578125 0.04296875
1 0.33984375 0.4828125 0.03203125 0.0484375
1 0.4046875 0.43828125 0.034375 0.053125
1 0.4796875 0.46015625 0.028125 0.04453125
1 0.46015625 0.2875 0.03515625 0.05
1 0.55390625 0.3 0.03125 0.05078125
1 0.603125 0.353125 0.03671875 0.05625
1 0.51484375 0.571875 0.03125 0.0453125
1 0.6234375 0.51015625 0.01953125 0.03125
1 0.67890625 0.55703125 0.028125 0.04765625
1 0.6109375 0.67265625 0.03046875 0.04765625
2 0.4078125 0.6875 0.0828125 0.12265625
2 0.6734375 0.5890625 0.0859375 0.12578125
2 0.55234375 0.57578125 0.0890625 0.12421875
2 0.3890625 0.3828125 0.08515625 0.12578125
2 0.478125 0.2296875 0.078125 0.121875
2 0.5390625 0.3984375 0.08203125 0.11875
2 0.67265625 0.3984375 0.07734375 0.096875
2 0.54609375 0.7140625 0.0328125 0.05
2 0.45625 0.4984375 0.03203125 0.03671875
2 0.3796875 0.5234375 0.0328125 0.0265625
2 0.346875 0.5875 0.034375 0.01875
2 0.58984375 0.2921875 0.034375 0.05078125
3 0.5015625 0.50859375 0.53515625 0.79453125