1 0.58984375 0.21328125 0.0328125 0.0453125
1 0.6546875 0.2796875 0.025 0.04375
1 0.66015625 0.5171875 0.0328125 0.046875
1 0.5953125 0.56171875 0.034375 0.053125
1 0.5203125 0.53984375 0.028125 0.0453125
1 0.53984375 0.7125 0.0359375 0.05
1 0.44609375 0.7 0.03125 0.05
1 0.396875 0.646875 0.0375 0.05625
1 0.48515625 0.428125 0.03125 0.04375
1 0.3765625 0.48984375 0.01875 0.03125
1 0.32109375 0.44296875 0.028125 0.0484375
1 0.3890625 0.32734375 0.03125 0.0484375
2 0.5921875 0.3125 0.084375 0.121875
2 0.3265625 0.4109375 0.084375 0.125
2 0.44765625 0.42421875 0.0890625 0.1234375
2 0.6109375 0.6171875 0.084375 0.125
2 0.521875 0.7703125 0.078125 0.121875
2 0.4609375 0.6015625 0.08125 0.11875
2 0.32734375 0.6015625 0.0765625 0.096875
2 0.45390625 0.2859375 0.0328125 0.05
2 0.54375 0.5015625 0.03125 0.0375
2 0.6203125 0.4765625 0.034375 0.028125
2 0.653125 0.4125 0.034375 0.01875
2 0.41015625 0.7078125 0.034375 0.05
3 0.4984375 0.49140625 0.534375 0.7953125