2 0.10703125 0.76796875 0.2046875 0.24453125
2 0.0390625 0.5875 0.078125 0.1484375
2 0.2859375 0.49296875 0.2796875 0.25234375
2 0.20390625 0.1515625 0.2109375 0.1359375
2 0.39140625 0.0296875 0.1796875 0.05859375
2 0.61875 0.09140625 0.2125 0.1234375
2 0.8859375 0.2359375 0.228125 0.11953125
2 0.965625 0.109375 0.06875 0.14140625
2 0.74375 0.60078125 0.28984375 0.26953125
0 0.66875 0.50234375 0.23828125 0.2734375
0 0.89921875 0.3046875 0.2015625 0.1625
0 0.853125 0.1390625 0.234375 0.1359375
0 0.6578125 0.19609375 0.18515625 0.11953125
0 0.4609375 0.1640625 0.07890625 0.08359375
0 0.528125 0.0203125 0.08125 0.040625
0 0.1796875 0.07578125 0.253125 0.06484375
0 0.09921875 0.23203125 0.19765625 0.1
0 0.11796875 0.640625 0.2359375 0.3796875
3 0.5 0.49921875 1 0.9984375