2 0.76796875 0.89296875 0.2453125 0.2046875
2 0.5875 0.9609375 0.15 0.078125
2 0.49296875 0.7140625 0.2515625 0.278125
2 0.1515625 0.79609375 0.134375 0.2109375
2 0.0296875 0.60859375 0.059375 0.1796875
2 0.09140625 0.38125 0.1234375 0.2125
2 0.2359375 0.1140625 0.11875 0.228125
2 0.109375 0.034375 0.140625 0.06875
2 0.60078125 0.25625 0.2703125 0.290625
0 0.50234375 0.33125 0.2734375 0.2375
0 0.3046875 0.10078125 0.1625 0.2015625
0 0.1390625 0.146875 0.134375 0.234375
0 0.19609375 0.3421875 0.1203125 0.184375
0 0.1640625 0.5390625 0.084375 0.078125
0 0.0203125 0.471875 0.040625 0.08125
0 0.07578125 0.8203125 0.0640625 0.253125
0 0.23203125 0.90078125 0.1 0.1984375
0 0.640625 0.88203125 0.38125 0.2359375
3 0.49921875 0.5 0.9984375 1