1 0.51796875 0.24296875 0.0515625 0.0265625
1 0.5234375 0.378125 0.025 0.028125
1 0.52890625 0.434375 0.0234375 0.028125
1 0.7921875 0.3359375 0.05 0.034375
1 0.74453125 0.50234375 0.04375 0.0296875
1 0.8 0.56875 0.034375 0.03125
1 0.7109375 0.73203125 0.04375 0.0296875
1 0.7109375 0.6515625 0.053125 0.028125
1 0.590625 0.6171875 0.05 0.03125
1 0.55703125 0.5390625 0.0515625 0.028125
1 0.459375 0.47421875 0.0375 0.0296875
1 0.38203125 0.34921875 0.0515625 0.0265625
1 0.3828125 0.37578125 0.028125 0.0234375
1 0.353125 0.42421875 0.034375 0.0328125
1 0.26875 0.503125 0.05 0.04375
1 0.29140625 0.584375 0.0484375 0.03125
1 0.35234375 0.61796875 0.0484375 0.0328125
1 0.42578125 0.71015625 0.0328125 0.0234375
2 0.2921875 0.4125 0.184375 0.096875
2 0.328125 0.56953125 0.184375 0.0984375
2 0.46875 0.70859375 0.175 0.1609375
2 0.74140625 0.565625 0.1984375 0.103125
2 0.678125 0.30546875 0.178125 0.1203125
3 0.69609375 0.334375 0.4328125 0.290625
3 0.509375 0.53671875 0.86875 0.5796875