1 0.75703125 0.51796875 0.02578125 0.05234375
1 0.621875 0.5234375 0.028125 0.02421875
1 0.565625 0.52890625 0.02890625 0.02265625
1 0.6640625 0.7921875 0.03359375 0.05
1 0.49765625 0.74453125 0.0296875 0.04375
1 0.43125 0.8 0.03203125 0.03359375
1 0.26796875 0.7109375 0.0296875 0.04296875
1 0.3484375 0.7109375 0.028125 0.05234375
1 0.3828125 0.590625 0.03046875 0.05
1 0.4609375 0.55703125 0.02890625 0.05234375
1 0.52578125 0.459375 0.03046875 0.03828125
1 0.65078125 0.38203125 0.0265625 0.05078125
1 0.62421875 0.3828125 0.0234375 0.02890625
1 0.57578125 0.353125 0.03203125 0.03359375
1 0.496875 0.26875 0.04453125 0.0484375
1 0.415625 0.29140625 0.03125 0.0484375
1 0.38203125 0.35234375 0.0328125 0.0484375
1 0.28984375 0.42578125 0.02265625 0.03203125
2 0.5875 0.2921875 0.096875 0.1859375
2 0.43046875 0.328125 0.09921875 0.184375
2 0.29140625 0.46875 0.16171875 0.17421875
2 0.434375 0.74140625 0.10234375 0.19765625
2 0.69453125 0.678125 0.12109375 0.178125
3 0.665625 0.69609375 0.290625 0.4328125
3 0.46328125 0.509375 0.58046875 0.86875