3 0.49296875 0.50703125 0.6296875 0.78125
2 0.6765625 0.63125 0.1 0.11875
2 0.6875 0.4125 0.10625 0.11875
2 0.540625 0.4046875 0.103125 0.128125
2 0.58671875 0.24765625 0.1015625 0.1234375
2 0.42890625 0.23828125 0.0984375 0.128125
2 0.29921875 0.36875 0.0953125 0.11875
2 0.48515625 0.54453125 0.1046875 0.125
2 0.38984375 0.478125 0.096875 0.121875
2 0.29765625 0.5921875 0.0953125 0.121875
2 0.5390625 0.65234375 0.084375 0.1125
2 0.52109375 0.7890625 0.08125 0.10625
2 0.39375 0.7515625 0.078125 0.10625
1 0.32265625 0.7015625 0.0296875 0.015625
1 0.353125 0.665625 0.028125 0.034375
1 0.3578125 0.71875 0.01875 0.025
1 0.4671875 0.69296875 0.03125 0.040625
1 0.575 0.72578125 0.03125 0.0421875
1 0.59609375 0.76328125 0.0296875 0.046875
1 0.55078125 0.5640625 0.034375 0.04375
1 0.52578125 0.48359375 0.0234375 0.0265625
1 0.3375 0.5140625 0.025 0.04375
1 0.33203125 0.44921875 0.025 0.03125
1 0.375 0.35234375 0.03125 0.0390625
1 0.46953125 0.29375 0.0328125 0.040625
1 0.4484375 0.3453125 0.028125 0.028125
1 0.528125 0.32265625 0.03125 0.0421875
1 0.61015625 0.49921875 0.0375 0.065625
1 0.603125 0.328125 0.03125 0.04375
1 0.45859375 0.60625 0.0171875 0.021875
1 0.3734375 0.59375 0.015625 0.021875
1 0.37265625 0.55546875 0.0171875 0.0265625