3 0.49296875 0.49296875 0.78125 0.6296875
2 0.36875 0.6765625 0.11953125 0.10078125
2 0.5875 0.6875 0.11953125 0.1046875
2 0.5953125 0.540625 0.1296875 0.103125
2 0.75234375 0.58671875 0.12421875 0.1015625
2 0.76171875 0.42890625 0.128125 0.09765625
2 0.63125 0.29921875 0.11875 0.0953125
2 0.45546875 0.48515625 0.125 0.10390625
2 0.521875 0.38984375 0.12265625 0.096875
2 0.4078125 0.29765625 0.1234375 0.0953125
2 0.34765625 0.5390625 0.1125 0.084375
2 0.2109375 0.52109375 0.10546875 0.08125
2 0.2484375 0.39375 0.10703125 0.07890625
1 0.2984375 0.32265625 0.0171875 0.03046875
1 0.334375 0.353125 0.03515625 0.02734375
1 0.28125 0.3578125 0.025 0.01953125
1 0.30703125 0.4671875 0.040625 0.03203125
1 0.27421875 0.575 0.0421875 0.0328125
1 0.23671875 0.59609375 0.046875 0.03046875
1 0.4359375 0.55078125 0.04375 0.034375
1 0.51640625 0.52578125 0.02578125 0.0234375
1 0.4859375 0.3375 0.04453125 0.025
1 0.55078125 0.33203125 0.03125 0.025
1 0.64765625 0.375 0.03828125 0.03125
1 0.70625 0.46953125 0.03984375 0.03203125
1 0.6546875 0.4484375 0.02734375 0.0265625
1 0.67734375 0.528125 0.04296875 0.03125
1 0.50078125 0.61015625 0.065625 0.0375
1 0.671875 0.603125 0.0421875 0.03203125
1 0.39375 0.45859375 0.02265625 0.01640625
1 0.40625 0.3734375 0.02265625 0.0171875
1 0.44453125 0.37265625 0.02734375 0.0171875