1 0.48203125 0.75703125 0.0515625 0.0265625
1 0.4765625 0.621875 0.025 0.028125
1 0.47109375 0.565625 0.0234375 0.028125
1 0.2078125 0.6640625 0.05 0.034375
1 0.25546875 0.49765625 0.04375 0.0296875
1 0.2 0.43125 0.034375 0.03125
1 0.2890625 0.26796875 0.04375 0.0296875
1 0.2890625 0.3484375 0.053125 0.028125
1 0.409375 0.3828125 0.05 0.03125
1 0.44296875 0.4609375 0.0515625 0.028125
1 0.540625 0.52578125 0.0375 0.0296875
1 0.61796875 0.65078125 0.0515625 0.0265625
1 0.6171875 0.62421875 0.028125 0.0234375
1 0.646875 0.57578125 0.034375 0.0328125
1 0.73125 0.496875 0.05 0.04375
1 0.70859375 0.415625 0.0484375 0.03125
1 0.64765625 0.38203125 0.0484375 0.0328125
1 0.57421875 0.28984375 0.0328125 0.0234375
2 0.7078125 0.5875 0.184375 0.096875
2 0.671875 0.43046875 0.184375 0.0984375
2 0.53125 0.29140625 0.175 0.1609375
2 0.25859375 0.434375 0.1984375 0.103125
2 0.321875 0.69453125 0.178125 0.1203125
3 0.30390625 0.665625 0.4328125 0.290625
3 0.490625 0.46328125 0.86875 0.5796875