1 0.43046875 0.51953125 0.0671875 0.04375
1 0.46796875 0.646875 0.0609375 0.0375
1 0.3265625 0.79140625 0.075 0.05
1 0.44296875 0.81484375 0.0421875 0.0328125
1 0.56015625 0.89921875 0.0421875 0.0390625
1 0.809375 0.79765625 0.053125 0.0453125
1 0.853125 0.71484375 0.059375 0.040625
1 0.978125 0.640625 0.04375 0.040625
1 0.85078125 0.86875 0.0515625 0.0375
1 0.97734375 0.878125 0.0453125 0.04375
1 0.9640625 0.9546875 0.046875 0.0234375
1 0.76171875 0.96640625 0.0578125 0.0234375
1 0.87109375 0.9890625 0.0421875 0.021875
1 0.446875 0.94765625 0.040625 0.040625