1 0.51953125 0.56953125 0.04375 0.06640625
1 0.646875 0.53203125 0.0390625 0.0609375
1 0.79140625 0.6734375 0.05 0.075
1 0.81484375 0.55703125 0.03203125 0.04296875
1 0.89921875 0.43984375 0.03828125 0.04140625
1 0.79765625 0.190625 0.04453125 0.05390625
1 0.71484375 0.146875 0.040625 0.05859375
1 0.640625 0.021875 0.04140625 0.04296875
1 0.86875 0.14921875 0.03671875 0.05078125
1 0.878125 0.02265625 0.04375 0.0453125
1 0.9546875 0.0359375 0.0234375 0.04609375
1 0.96640625 0.23828125 0.0234375 0.05703125
1 0.9890625 0.12890625 0.021875 0.0421875
1 0.94765625 0.553125 0.040625 0.04140625