1 0.55546875 0.1609375 0.03125 0.025
1 0.5921875 0.21171875 0.03125 0.0265625
1 0.684375 0.3359375 0.04375 0.034375
1 0.36953125 0.32578125 0.0515625 0.0296875
1 0.2453125 0.03125 0.053125 0.03125
1 0.37265625 0.025 0.046875 0.03125
1 0.2109375 0.125 0.040625 0.028125
1 0.30625 0.171875 0.046875 0.028125
1 0.45390625 0.0859375 0.0546875 0.021875
1 0.5828125 0.121875 0.040625 0.028125
1 0.740625 0.03359375 0.05625 0.0390625
1 0.71875 0.1328125 0.040625 0.034375
1 0.7203125 0.18515625 0.0375 0.0234375
1 0.740625 0.2078125 0.05 0.025
3 0.50078125 0.1625 0.8953125 0.325
3 0.5015625 0.2765625 0.490625 0.296875