1 0.1609375 0.44453125 0.025 0.03125
1 0.21171875 0.4078125 0.0265625 0.03125
1 0.3359375 0.315625 0.034375 0.04375
1 0.32578125 0.63046875 0.0296875 0.0515625
1 0.03125 0.7546875 0.03125 0.053125
1 0.025 0.62734375 0.03125 0.046875
1 0.125 0.7890625 0.028125 0.040625
1 0.171875 0.69375 0.028125 0.046875
1 0.0859375 0.54609375 0.021875 0.0546875
1 0.121875 0.4171875 0.028125 0.040625
1 0.03359375 0.259375 0.0390625 0.05625
1 0.1328125 0.28125 0.034375 0.040625
1 0.18515625 0.2796875 0.0234375 0.0375
1 0.2078125 0.259375 0.025 0.05
3 0.1625 0.49921875 0.325 0.8953125
3 0.2765625 0.4984375 0.296875 0.490625