1 0.1234375 0.97109375 0.046875 0.0265625
1 0.13046875 0.93359375 0.0484375 0.0265625
1 0.16796875 0.8484375 0.05 0.025
1 0.128125 0.825 0.05625 0.025
1 0.20390625 0.9171875 0.0484375 0.028125
1 0.421875 0.940625 0.04375 0.034375
1 0.33046875 0.834375 0.046875 0.021875
1 0.21640625 0.74296875 0.0515625 0.0265625
1 0.47265625 0.87109375 0.0484375 0.0203125
1 0.44921875 0.7625 0.053125 0.025
1 0.17265625 0.6578125 0.046875 0.021875
1 0.22265625 0.5390625 0.0515625 0.021875
1 0.39375 0.46328125 0.053125 0.0234375
1 0.38671875 0.5875 0.0578125 0.053125
1 0.7140625 0.8125 0.040625 0.021875
1 0.67265625 0.7609375 0.0421875 0.021875
1 0.57109375 0.68828125 0.05 0.0265625
1 0.7125 0.68984375 0.04375 0.025
1 0.64296875 0.60625 0.0578125 0.025
1 0.62421875 0.57109375 0.0453125 0.025
1 0.86796875 0.6296875 0.0484375 0.028125
1 0.81796875 0.53828125 0.0484375 0.0203125
1 0.62734375 0.4578125 0.0359375 0.025
0 0.84140625 0.5859375 0.1796875 0.1125
0 0.6890625 0.4953125 0.190625 0.09375
0 0.725 0.6015625 0.09375 0.034375
0 0.76484375 0.70703125 0.0296875 0.0859375
0 0.734375 0.74375 0.090625 0.1375
0 0.4984375 0.79453125 0.25625 0.1921875
0 0.36015625 0.78984375 0.1859375 0.0453125
0 0.2453125 0.75859375 0.071875 0.053125
0 0.3546875 0.71796875 0.184375 0.1015625
0 0.5640625 0.6421875 0.2625 0.075
0 0.61796875 0.54765625 0.1109375 0.021875
0 0.51875 0.5109375 0.146875 0.053125
0 0.31328125 0.47421875 0.1140625 0.0671875
0 0.30546875 0.5828125 0.0328125 0.040625
0 0.2828125 0.60234375 0.209375 0.09375
0 0.2171875 0.6390625 0.1125 0.059375
3 0.51015625 0.653125 0.8515625 0.478125