1 0.02890625 0.1234375 0.0265625 0.046875
1 0.06640625 0.13046875 0.0265625 0.0484375
1 0.1515625 0.16796875 0.025 0.05
1 0.175 0.128125 0.025 0.05625
1 0.0828125 0.20390625 0.028125 0.0484375
1 0.059375 0.421875 0.034375 0.04375
1 0.165625 0.33046875 0.021875 0.046875
1 0.25703125 0.21640625 0.0265625 0.0515625
1 0.12890625 0.47265625 0.0203125 0.0484375
1 0.2375 0.44921875 0.025 0.053125
1 0.3421875 0.17265625 0.021875 0.046875
1 0.4609375 0.22265625 0.021875 0.0515625
1 0.53671875 0.39375 0.0234375 0.053125
1 0.4125 0.38671875 0.053125 0.0578125
1 0.1875 0.7140625 0.021875 0.040625
1 0.2390625 0.67265625 0.021875 0.0421875
1 0.31171875 0.57109375 0.0265625 0.05
1 0.31015625 0.7125 0.025 0.04375
1 0.39375 0.64296875 0.025 0.0578125
1 0.42890625 0.62421875 0.025 0.0453125
1 0.3703125 0.86796875 0.028125 0.0484375
1 0.46171875 0.81796875 0.0203125 0.0484375
1 0.5421875 0.62734375 0.025 0.0359375
0 0.4140625 0.84140625 0.1125 0.1796875
0 0.5046875 0.6890625 0.09375 0.190625
0 0.3984375 0.725 0.034375 0.09375
0 0.29296875 0.76484375 0.0859375 0.0296875
0 0.25625 0.734375 0.1375 0.090625
0 0.20546875 0.4984375 0.1921875 0.25625
0 0.21015625 0.36015625 0.0453125 0.1859375
0 0.24140625 0.2453125 0.053125 0.071875
0 0.28203125 0.3546875 0.1015625 0.184375
0 0.3578125 0.5640625 0.075 0.2625
0 0.45234375 0.61796875 0.021875 0.1109375
0 0.4890625 0.51875 0.053125 0.146875
0 0.52578125 0.31328125 0.0671875 0.1140625
0 0.4171875 0.30546875 0.040625 0.0328125
0 0.39765625 0.2828125 0.09375 0.209375
0 0.3609375 0.2171875 0.059375 0.1125
3 0.346875 0.51015625 0.478125 0.8515625