1 0.25390625 0.4109375 0.0359375 0.021875
1 0.2296875 0.47890625 0.08125 0.0359375
1 0.28984375 0.66171875 0.0609375 0.0375
1 0.359375 0.6984375 0.059375 0.025
1 0.415625 0.69453125 0.059375 0.025
1 0.43046875 0.64609375 0.0546875 0.0234375
1 0.46796875 0.5578125 0.0484375 0.028125
1 0.35234375 0.3578125 0.03125 0.028125
1 0.5859375 0.38125 0.046875 0.0375
1 0.64296875 0.51875 0.0453125 0.025
1 0.65546875 0.61875 0.0390625 0.0375
1 0.60703125 0.684375 0.0609375 0.025
3 0.45234375 0.534375 0.7515625 0.509375