1 0.5890625 0.25390625 0.021875 0.0359375
1 0.52109375 0.2296875 0.0359375 0.08125
1 0.33828125 0.28984375 0.0375 0.0609375
1 0.3015625 0.359375 0.025 0.059375
1 0.30546875 0.415625 0.025 0.059375
1 0.35390625 0.43046875 0.0234375 0.0546875
1 0.4421875 0.46796875 0.028125 0.0484375
1 0.6421875 0.35234375 0.028125 0.03125
1 0.61875 0.5859375 0.0375 0.046875
1 0.48125 0.64296875 0.025 0.0453125
1 0.38125 0.65546875 0.0375 0.0390625
1 0.315625 0.60703125 0.025 0.0609375
3 0.465625 0.45234375 0.509375 0.7515625