2 0.81640625 0.5375 0.1203125 0.125
2 0.69453125 0.7140625 0.1140625 0.121875
2 0.58203125 0.63046875 0.1171875 0.1234375
2 0.490625 0.73984375 0.128125 0.125
2 0.7046875 0.490625 0.121875 0.11875
2 0.71171875 0.29921875 0.1234375 0.115625
2 0.58203125 0.35 0.1125 0.11875
2 0.53359375 0.4890625 0.134375 0.125
2 0.50703125 0.22578125 0.125 0.1203125
2 0.41953125 0.4015625 0.125 0.11875
2 0.325 0.32890625 0.11875 0.1265625
2 0.26640625 0.4828125 0.1265625 0.115625
2 0.40546875 0.55703125 0.11875 0.1328125
2 0.33671875 0.6765625 0.1234375 0.121875
3 0.52734375 0.5 0.8140625 0.81875