2 0.5375 0.18359375 0.125 0.1203125
2 0.7140625 0.30546875 0.121875 0.1140625
2 0.63046875 0.41796875 0.1234375 0.1171875
2 0.73984375 0.509375 0.125 0.128125
2 0.490625 0.2953125 0.11875 0.121875
2 0.29921875 0.28828125 0.115625 0.1234375
2 0.35 0.41796875 0.11875 0.1125
2 0.4890625 0.46640625 0.125 0.134375
2 0.22578125 0.49296875 0.1203125 0.125
2 0.4015625 0.58046875 0.11875 0.125
2 0.32890625 0.675 0.1265625 0.11875
2 0.4828125 0.73359375 0.115625 0.1265625
2 0.55703125 0.59453125 0.1328125 0.11875
2 0.6765625 0.66328125 0.121875 0.1234375
3 0.5 0.47265625 0.81875 0.8140625