1 0.325 0.7140625 0.04375 0.059375
1 0.52734375 0.7640625 0.05078125 0.06953125
1 0.27890625 0.85859375 0.04140625 0.06015625
1 0.125 0.93359375 0.0421875 0.0625
1 0.00859375 0.734375 0.01640625 0.065625
1 0.0890625 0.7 0.053125 0.078125
1 0.2375 0.45390625 0.04140625 0.06875
1 0.059375 0.4296875 0.04296875 0.06484375
1 0.33984375 0.19375 0.04453125 0.06640625
1 0.38046875 0.5734375 0.04375 0.04609375
1 0.43203125 0.46875 0.04609375 0.06875
1 0.53828125 0.39453125 0.046875 0.071875
2 0.53203125 0.4 0.08515625 0.1453125
2 0.340625 0.2140625 0.053125 0.1421875
2 0.2390625 0.30546875 0.0515625 0.1453125
2 0.03515625 0.5140625 0.06953125 0.14921875
2 0.153125 0.7453125 0.10078125 0.14921875
2 0.040625 0.93203125 0.08125 0.1359375
2 0.3375 0.73046875 0.09921875 0.1359375
2 0.4921875 0.934375 0.09765625 0.13125
3 0.31171875 0.57265625 0.6234375 0.8546875
3 0.4703125 0.34921875 0.3359375 0.56953125