2 0.3609375 0.3484375 0.075 0.065625
2 0.25859375 0.50078125 0.0703125 0.0703125
2 0.3484375 0.62421875 0.071875 0.0703125
2 0.44765625 0.575 0.0515625 0.0625
2 0.4515625 0.43984375 0.071875 0.0703125
2 0.49375 0.353125 0.015625 0.046875
2 0.59609375 0.23046875 0.05625 0.0578125
2 0.5625 0.2890625 0.05625 0.06875
2 0.6453125 0.453125 0.071875 0.065625
2 0.5921875 0.5421875 0.05625 0.059375
2 0.72734375 0.55859375 0.06875 0.0703125
2 0.6421875 0.65703125 0.065625 0.071875
2 0.47734375 0.73203125 0.0703125 0.0671875
2 0.3890625 0.728125 0.065625 0.065625
3 0.48515625 0.49609375 0.678125 0.7140625