2 0.6390625 0.6515625 0.07421875 0.0671875
2 0.74140625 0.49921875 0.07109375 0.06953125
2 0.6515625 0.37578125 0.07265625 0.07109375
2 0.55234375 0.425 0.05234375 0.06328125
2 0.5484375 0.56015625 0.0734375 0.0703125
2 0.50625 0.646875 0.01640625 0.04765625
2 0.40390625 0.76953125 0.05625 0.05703125
2 0.4375 0.7109375 0.05703125 0.06875
2 0.3546875 0.546875 0.071875 0.06484375
2 0.4078125 0.4578125 0.05703125 0.0578125
2 0.27265625 0.44140625 0.06875 0.06953125
2 0.3578125 0.34296875 0.06640625 0.071875
2 0.52265625 0.26796875 0.0703125 0.0671875
2 0.6109375 0.271875 0.0671875 0.065625
3 0.51484375 0.50390625 0.678125 0.7140625