2 0.3484375 0.6390625 0.065625 0.075
2 0.50078125 0.74140625 0.0703125 0.0703125
2 0.62421875 0.6515625 0.0703125 0.071875
2 0.575 0.55234375 0.0625 0.0515625
2 0.43984375 0.5484375 0.0703125 0.071875
2 0.353125 0.50625 0.046875 0.015625
2 0.23046875 0.40390625 0.0578125 0.05625
2 0.2890625 0.4375 0.06875 0.05625
2 0.453125 0.3546875 0.065625 0.071875
2 0.5421875 0.4078125 0.059375 0.05625
2 0.55859375 0.27265625 0.0703125 0.06875
2 0.65703125 0.3578125 0.071875 0.065625
2 0.73203125 0.52265625 0.0671875 0.0703125
2 0.728125 0.6109375 0.065625 0.065625
3 0.49609375 0.51484375 0.7140625 0.678125