1 0.2859375 0.325 0.059375 0.04375
1 0.2359375 0.52734375 0.06875 0.0515625
1 0.14140625 0.27890625 0.0609375 0.0421875
1 0.06640625 0.125 0.0625 0.04375
1 0.265625 0.00859375 0.065625 0.0171875
1 0.3 0.0890625 0.078125 0.053125
1 0.54609375 0.2375 0.06875 0.040625
1 0.5703125 0.059375 0.065625 0.04375
1 0.80625 0.33984375 0.065625 0.0453125
1 0.4265625 0.38046875 0.046875 0.04375
1 0.53125 0.43203125 0.06875 0.0453125
1 0.60546875 0.53828125 0.071875 0.046875
2 0.6 0.53203125 0.14375 0.0859375
2 0.7859375 0.340625 0.140625 0.053125
2 0.69453125 0.2390625 0.1453125 0.053125
2 0.4859375 0.03515625 0.15 0.0703125
2 0.2546875 0.153125 0.15 0.1
2 0.06796875 0.040625 0.1359375 0.08125
2 0.26953125 0.3375 0.1359375 0.1
2 0.065625 0.4921875 0.13125 0.096875
3 0.42734375 0.31171875 0.8546875 0.6234375
3 0.65078125 0.4703125 0.5703125 0.3359375