2 0.4625 0.81640625 0.12578125 0.12109375
2 0.2859375 0.69453125 0.1234375 0.11484375
2 0.36953125 0.58203125 0.12421875 0.11796875
2 0.26015625 0.490625 0.125 0.12734375
2 0.509375 0.7046875 0.11953125 0.121875
2 0.70078125 0.71171875 0.115625 0.1234375
2 0.65 0.58203125 0.1203125 0.1125
2 0.5109375 0.53359375 0.125 0.134375
2 0.77421875 0.50703125 0.11953125 0.125
2 0.5984375 0.41953125 0.11953125 0.125
2 0.67109375 0.325 0.12734375 0.11796875
2 0.5171875 0.26640625 0.11640625 0.12578125
2 0.44296875 0.40546875 0.13203125 0.11875
2 0.3234375 0.33671875 0.1234375 0.12265625
3 0.5 0.52734375 0.81796875 0.8140625