2 0.5 0.18671875 0.1140625 0.11875
2 0.3109375 0.290625 0.11875 0.11875
2 0.48203125 0.34921875 0.1140625 0.1109375
2 0.71015625 0.29609375 0.1125 0.1078125
2 0.58984375 0.4515625 0.103125 0.115625
2 0.75390625 0.4703125 0.1046875 0.1125
2 0.3796875 0.4796875 0.115625 0.1125
2 0.22421875 0.4578125 0.109375 0.109375
2 0.49296875 0.6125 0.1140625 0.1
2 0.26015625 0.64375 0.1203125 0.115625
2 0.3859375 0.7765625 0.103125 0.10625
2 0.56328125 0.73671875 0.1046875 0.1109375
2 0.7015625 0.653125 0.10625 0.10625
3 0.4890625 0.48984375 0.878125 0.8796875