1 0.15 0.8546875 0.046875 0.040625
1 0.02421875 0.77890625 0.0453125 0.04375
1 0.07890625 0.72109375 0.0421875 0.0296875
1 0.08359375 0.6875 0.0640625 0.0375
1 0.25703125 0.9546875 0.0640625 0.0375
1 0.24140625 0.8125 0.0296875 0.0375
1 0.25 0.74375 0.03125 0.0375
1 0.2875 0.56953125 0.065625 0.0359375
1 0.60234375 0.72578125 0.0703125 0.046875
1 0.5046875 0.93203125 0.059375 0.0375
1 0.35703125 0.60234375 0.0296875 0.0171875
3 0.48359375 0.68359375 0.5359375 0.3671875
3 0.37421875 0.77734375 0.7484375 0.4453125