1 0.43515625 0.80546875 0.0546875 0.08671875
1 0.47421875 0.7890625 0.0265625 0.0453125
1 0.2515625 0.840625 0.02265625 0.05234375
1 0.071875 0.86640625 0.06640625 0.10078125
1 0.03359375 0.7640625 0.04921875 0.07734375
1 0.12578125 0.6296875 0.0328125 0.05546875
1 0.2140625 0.64296875 0.04609375 0.034375
1 0.44921875 0.57890625 0.0546875 0.0765625
1 0.584375 0.43671875 0.02890625 0.0390625
1 0.45703125 0.38125 0.04609375 0.05625
1 0.54609375 0.3515625 0.05078125 0.040625
1 0.31953125 0.3671875 0.040625 0.05078125
1 0.3296875 0.27265625 0.04375 0.0515625
1 0.2953125 0.2234375 0.02890625 0.04453125
1 0.01953125 0.4953125 0.03828125 0.07109375
1 0.01640625 0.36484375 0.0328125 0.0484375
1 0.0828125 0.36484375 0.02421875 0.02890625
1 0.1125 0.27890625 0.0203125 0.05625
1 0.14921875 0.8359375 0.04140625 0.0609375
2 0.22578125 0.9421875 0.184375 0.11484375
2 0.57421875 0.5046875 0.16015625 0.15390625
2 0.3078125 0.49375 0.1390625 0.10546875
2 0.24609375 0.4453125 0.13671875 0.1359375
2 0.23046875 0.18828125 0.11015625 0.13984375
2 0.046875 0.62734375 0.09375 0.1703125
3 0.3421875 0.53984375 0.684375 0.9203125