1 0.58203125 0.56953125 0.046875 0.0375
1 0.46875 0.4703125 0.046875 0.03125
1 0.434375 0.55625 0.04375 0.0625
1 0.32265625 0.44140625 0.053125 0.0453125
1 0.25625 0.39453125 0.0625 0.040625
1 0.275 0.27109375 0.059375 0.0296875
1 0.18828125 0.24765625 0.0421875 0.0203125
1 0.27734375 0.15546875 0.0546875 0.0484375
1 0.34375 0.08046875 0.075 0.03125
1 0.49609375 0.2390625 0.0625 0.034375
1 0.5515625 0.1328125 0.065625 0.028125
1 0.57265625 0.1796875 0.065625 0.034375
1 0.57421875 0.08046875 0.0734375 0.0296875
1 0.62578125 0.0703125 0.0265625 0.025
1 0.659375 0.08046875 0.0375 0.03125
1 0.725 0.12734375 0.078125 0.0453125
1 0.7734375 0.35234375 0.096875 0.0453125
1 0.72109375 0.43359375 0.046875 0.0234375
3 0.51328125 0.28515625 0.9234375 0.5703125
3 0.475 0.5078125 0.34375 0.30625