2 0.5 0.81328125 0.1140625 0.11875
2 0.6890625 0.709375 0.11796875 0.11875
2 0.51796875 0.65078125 0.11328125 0.11171875
2 0.28984375 0.70390625 0.1125 0.10859375
2 0.41015625 0.5484375 0.103125 0.11484375
2 0.24609375 0.5296875 0.10546875 0.11328125
2 0.6203125 0.5203125 0.11640625 0.11328125
2 0.77578125 0.5421875 0.109375 0.1078125
2 0.50703125 0.3875 0.11328125 0.10078125
2 0.73984375 0.35625 0.12109375 0.11484375
2 0.6140625 0.2234375 0.10390625 0.10546875
2 0.43671875 0.26328125 0.10546875 0.1109375
2 0.2984375 0.346875 0.10703125 0.10546875
3 0.5109375 0.51015625 0.8765625 0.8796875