2 0.18671875 0.5 0.11875 0.1125
2 0.290625 0.6890625 0.11875 0.11875
2 0.34921875 0.51796875 0.1109375 0.1140625
2 0.29609375 0.28984375 0.1078125 0.1125
2 0.4515625 0.41015625 0.115625 0.103125
2 0.4703125 0.24609375 0.1125 0.1046875
2 0.4796875 0.6203125 0.1125 0.115625
2 0.4578125 0.77578125 0.109375 0.109375
2 0.6125 0.50703125 0.1 0.1140625
2 0.64375 0.73984375 0.115625 0.1203125
2 0.7765625 0.6140625 0.10625 0.103125
2 0.73671875 0.43671875 0.1109375 0.1046875
2 0.653125 0.2984375 0.10625 0.10625
3 0.48984375 0.5109375 0.8796875 0.878125