1 0.56484375 0.19453125 0.0546875 0.0859375
1 0.52578125 0.2109375 0.0265625 0.046875
1 0.7484375 0.159375 0.021875 0.053125
1 0.928125 0.13359375 0.065625 0.1015625
1 0.96640625 0.2359375 0.0484375 0.078125
1 0.87421875 0.3703125 0.0328125 0.05625
1 0.7859375 0.35703125 0.046875 0.034375
1 0.55078125 0.42109375 0.0546875 0.0765625
1 0.415625 0.56328125 0.028125 0.0390625
1 0.54296875 0.61875 0.0453125 0.05625
1 0.45390625 0.6484375 0.0515625 0.040625
1 0.68046875 0.6328125 0.040625 0.05
1 0.6703125 0.72734375 0.04375 0.0515625
1 0.7046875 0.7765625 0.028125 0.04375
1 0.98046875 0.5046875 0.0390625 0.071875
1 0.98359375 0.63515625 0.0328125 0.0484375
1 0.9171875 0.63515625 0.025 0.0296875
1 0.8875 0.72109375 0.01875 0.05625
1 0.85078125 0.1640625 0.0421875 0.059375
2 0.77421875 0.0578125 0.184375 0.115625
2 0.42578125 0.4953125 0.1609375 0.153125
2 0.6921875 0.50625 0.140625 0.10625
2 0.75390625 0.5546875 0.1359375 0.134375
2 0.76953125 0.81171875 0.1109375 0.1390625
2 0.953125 0.37265625 0.09375 0.1703125
3 0.6578125 0.46015625 0.684375 0.9203125