1 0.56953125 0.41796875 0.0375 0.046875
1 0.4703125 0.53125 0.03203125 0.046875
1 0.55625 0.565625 0.0625 0.0421875
1 0.44140625 0.67734375 0.0453125 0.053125
1 0.39453125 0.74375 0.040625 0.06171875
1 0.27109375 0.725 0.03046875 0.05859375
1 0.24765625 0.81171875 0.01953125 0.04296875
1 0.15546875 0.72265625 0.04765625 0.05390625
1 0.08046875 0.65625 0.03125 0.075
1 0.2390625 0.50390625 0.034375 0.0625
1 0.1328125 0.4484375 0.0296875 0.06484375
1 0.1796875 0.42734375 0.03515625 0.065625
1 0.08046875 0.42578125 0.02890625 0.07421875
1 0.0703125 0.37421875 0.02421875 0.02734375
1 0.08046875 0.340625 0.03125 0.03828125
1 0.12734375 0.275 0.04609375 0.07734375
1 0.35234375 0.2265625 0.0453125 0.09609375
1 0.43359375 0.27890625 0.02421875 0.046875
3 0.28515625 0.48671875 0.5703125 0.9234375
3 0.5078125 0.525 0.30703125 0.34375