1 0.19453125 0.43515625 0.0859375 0.0546875
1 0.2109375 0.47421875 0.046875 0.0265625
1 0.159375 0.2515625 0.053125 0.021875
1 0.13359375 0.071875 0.1015625 0.065625
1 0.2359375 0.03359375 0.078125 0.0484375
1 0.3703125 0.12578125 0.05625 0.0328125
1 0.35703125 0.2140625 0.034375 0.046875
1 0.42109375 0.44921875 0.0765625 0.0546875
1 0.56328125 0.584375 0.0390625 0.028125
1 0.61875 0.45703125 0.05625 0.0453125
1 0.6484375 0.54609375 0.040625 0.0515625
1 0.6328125 0.31953125 0.05 0.040625
1 0.72734375 0.3296875 0.0515625 0.04375
1 0.7765625 0.2953125 0.04375 0.028125
1 0.5046875 0.01953125 0.071875 0.0390625
1 0.63515625 0.01640625 0.0484375 0.0328125
1 0.63515625 0.0828125 0.0296875 0.025
1 0.72109375 0.1125 0.05625 0.01875
1 0.1640625 0.14921875 0.059375 0.0421875
2 0.0578125 0.22578125 0.115625 0.184375
2 0.4953125 0.57421875 0.153125 0.1609375
2 0.50625 0.3078125 0.10625 0.140625
2 0.5546875 0.24609375 0.134375 0.1359375
2 0.81171875 0.23046875 0.1390625 0.1109375
2 0.37265625 0.046875 0.1703125 0.09375
3 0.46015625 0.3421875 0.9203125 0.684375