1 0.1453125 0.15 0.03984375 0.046875
1 0.22109375 0.02421875 0.04375 0.0453125
1 0.27890625 0.07890625 0.03046875 0.0421875
1 0.3125 0.08359375 0.0359375 0.0640625
1 0.0453125 0.25703125 0.03671875 0.06484375
1 0.1875 0.24140625 0.0359375 0.0296875
1 0.25625 0.25 0.0375 0.03203125
1 0.43046875 0.2875 0.03671875 0.06484375
1 0.27421875 0.60234375 0.046875 0.06953125
1 0.06796875 0.5046875 0.0375 0.0578125
1 0.39765625 0.35703125 0.0171875 0.02890625
3 0.31640625 0.48359375 0.3671875 0.53515625
3 0.22265625 0.37421875 0.4453125 0.7484375