1 0.8546875 0.85 0.040625 0.046875
1 0.77890625 0.97578125 0.04375 0.0453125
1 0.72109375 0.92109375 0.0296875 0.0421875
1 0.6875 0.91640625 0.0375 0.0640625
1 0.9546875 0.74296875 0.0375 0.0640625
1 0.8125 0.75859375 0.0375 0.0296875
1 0.74375 0.75 0.0375 0.03125
1 0.56953125 0.7125 0.0359375 0.065625
1 0.72578125 0.39765625 0.046875 0.0703125
1 0.93203125 0.4953125 0.0375 0.059375
1 0.60234375 0.64296875 0.0171875 0.0296875
3 0.68359375 0.51640625 0.3671875 0.5359375
3 0.77734375 0.62578125 0.4453125 0.7484375