1 0.1875 0.315625 0.02421875 0.03203125
1 0.1078125 0.41875 0.02421875 0.03671875
1 0.16875 0.38828125 0.02109375 0.04140625
1 0.23515625 0.39140625 0.0203125 0.0328125
1 0.28046875 0.3390625 0.01953125 0.0328125
1 0.18984375 0.4890625 0.0234375 0.03203125
1 0.1 0.559375 0.02421875 0.0328125
1 0.17109375 0.57265625 0.02578125 0.03515625
1 0.25390625 0.53203125 0.02421875 0.03828125
1 0.29609375 0.478125 0.021875 0.03671875
1 0.3484375 0.47890625 0.02265625 0.0390625
1 0.28828125 0.5953125 0.02109375 0.03125
1 0.340625 0.61328125 0.01953125 0.03828125
1 0.13828125 0.66640625 0.02265625 0.03359375
1 0.23203125 0.646875 0.0234375 0.03125
1 0.2984375 0.68671875 0.02421875 0.0390625
1 0.22734375 0.71328125 0.021875 0.03203125
2 0.159375 0.36875 0.0625 0.0890625
2 0.23671875 0.33671875 0.05234375 0.0875
2 0.33125 0.4140625 0.05546875 0.09140625
2 0.32890625 0.540625 0.05625 0.08515625
2 0.221875 0.4375 0.0609375 0.0953125
2 0.10625 0.48203125 0.0546875 0.084375
2 0.125 0.60234375 0.0578125 0.0921875
2 0.225 0.5875 0.05703125 0.08515625
2 0.29375 0.66953125 0.0546875 0.08125
2 0.190625 0.675 0.05703125 0.0796875
3 0.2328125 0.5125 0.36640625 0.5375