1 0.8125 0.684375 0.025 0.03125
1 0.8921875 0.58125 0.025 0.0375
1 0.83125 0.61171875 0.021875 0.0421875
1 0.76484375 0.60859375 0.0203125 0.0328125
1 0.71953125 0.6609375 0.0203125 0.034375
1 0.81015625 0.5109375 0.0234375 0.03125
1 0.9 0.440625 0.025 0.03125
1 0.82890625 0.42734375 0.0265625 0.0359375
1 0.74609375 0.46796875 0.0234375 0.0390625
1 0.70390625 0.521875 0.021875 0.0375
1 0.6515625 0.52109375 0.021875 0.0390625
1 0.71171875 0.4046875 0.0203125 0.03125
1 0.659375 0.38671875 0.01875 0.0390625
1 0.86171875 0.33359375 0.0234375 0.0328125
1 0.76796875 0.353125 0.0234375 0.03125
1 0.7015625 0.31328125 0.025 0.0390625
1 0.77265625 0.28671875 0.021875 0.0328125
2 0.840625 0.63125 0.0625 0.0875
2 0.76328125 0.66328125 0.0515625 0.0875
2 0.66875 0.5859375 0.05625 0.090625
2 0.67109375 0.459375 0.05625 0.084375
2 0.778125 0.5625 0.0625 0.09375
2 0.89375 0.51796875 0.05625 0.084375
2 0.875 0.39765625 0.05625 0.0921875
2 0.775 0.4125 0.05625 0.084375
2 0.70625 0.33046875 0.05625 0.08125
2 0.809375 0.325 0.05625 0.08125
3 0.7671875 0.4875 0.365625 0.5375