1 0.315625 0.8125 0.03125 0.025
1 0.41875 0.8921875 0.0375 0.025
1 0.38828125 0.83125 0.0421875 0.021875
1 0.39140625 0.76484375 0.0328125 0.0203125
1 0.3390625 0.71953125 0.034375 0.0203125
1 0.4890625 0.81015625 0.03125 0.0234375
1 0.559375 0.9 0.03125 0.025
1 0.57265625 0.82890625 0.0359375 0.0265625
1 0.53203125 0.74609375 0.0390625 0.0234375
1 0.478125 0.70390625 0.0375 0.021875
1 0.47890625 0.6515625 0.0390625 0.021875
1 0.5953125 0.71171875 0.03125 0.0203125
1 0.61328125 0.659375 0.0390625 0.01875
1 0.66640625 0.86171875 0.0328125 0.0234375
1 0.646875 0.76796875 0.03125 0.0234375
1 0.68671875 0.7015625 0.0390625 0.025
1 0.71328125 0.77265625 0.0328125 0.021875
2 0.36875 0.840625 0.0875 0.0625
2 0.33671875 0.76328125 0.0875 0.0515625
2 0.4140625 0.66875 0.090625 0.05625
2 0.540625 0.67109375 0.084375 0.05625
2 0.4375 0.778125 0.09375 0.0625
2 0.48203125 0.89375 0.084375 0.05625
2 0.60234375 0.875 0.0921875 0.05625
2 0.5875 0.775 0.084375 0.05625
2 0.66953125 0.70625 0.08125 0.05625
2 0.675 0.809375 0.08125 0.05625
3 0.5125 0.7671875 0.5375 0.365625