1 0.4953125 0.19296875 0.025 0.0359375
1 0.45546875 0.2859375 0.0296875 0.0375
1 0.37421875 0.32578125 0.0171875 0.0421875
1 0.36953125 0.428125 0.0265625 0.04375
1 0.30703125 0.546875 0.0265625 0.04375
1 0.47890625 0.47578125 0.025 0.0390625
1 0.50078125 0.375 0.028125 0.0375
1 0.6265625 0.34921875 0.021875 0.028125
1 0.61875 0.4828125 0.03125 0.040625
1 0.3984375 0.78671875 0.028125 0.0421875
1 0.47265625 0.76953125 0.025 0.0390625
1 0.484375 0.73828125 0.01875 0.0296875
1 0.4625 0.63125 0.015625 0.0375
1 0.49296875 0.58203125 0.028125 0.0578125
1 0.525 0.70078125 0.025 0.0421875
1 0.60703125 0.65234375 0.025 0.053125
1 0.63359375 0.5484375 0.028125 0.04375
3 0.4984375 0.50625 0.5125 0.75