1 0.3234375 0.2546875 0.02265625 0.0359375
1 0.45703125 0.17890625 0.02265625 0.03984375
1 0.25234375 0.3921875 0.02890625 0.04296875
1 0.28984375 0.45703125 0.025 0.040625
1 0.39921875 0.43984375 0.021875 0.0375
1 0.4359375 0.46171875 0.01875 0.03359375
1 0.4875 0.45703125 0.0328125 0.04609375
1 0.43515625 0.31015625 0.03125 0.040625
1 0.5328125 0.275 0.02734375 0.046875
1 0.60078125 0.32734375 0.03203125 0.04765625
1 0.68046875 0.46640625 0.0234375 0.03125
1 0.66796875 0.51328125 0.025 0.04296875
1 0.59140625 0.46796875 0.03828125 0.059375
1 0.52109375 0.6671875 0.03046875 0.04453125
1 0.55546875 0.6171875 0.02578125 0.0359375
1 0.603125 0.6171875 0.02890625 0.04765625
1 0.6046875 0.69453125 0.028125 0.0421875
1 0.53359375 0.78046875 0.0203125 0.03203125
1 0.534375 0.71484375 0.025 0.05
1 0.45 0.8328125 0.021875 0.02890625
1 0.2765625 0.77265625 0.025 0.02890625
1 0.234375 0.5640625 0.0296875 0.0421875
1 0.34609375 0.53515625 0.0171875 0.040625
1 0.40859375 0.625 0.028125 0.0703125
1 0.30859375 0.65390625 0.02421875 0.0296875
3 0.46640625 0.5125 0.52578125 0.7609375
3 0.315625 0.70078125 0.30234375 0.384375