1 0.6765625 0.7453125 0.021875 0.034375
1 0.54296875 0.82109375 0.0234375 0.0390625
1 0.74765625 0.6078125 0.0296875 0.04375
1 0.71015625 0.54296875 0.025 0.040625
1 0.60078125 0.56015625 0.021875 0.0375
1 0.5640625 0.53828125 0.01875 0.0328125
1 0.5125 0.54296875 0.03125 0.0453125
1 0.56484375 0.68984375 0.03125 0.040625
1 0.4671875 0.725 0.028125 0.046875
1 0.39921875 0.67265625 0.0328125 0.0484375
1 0.31953125 0.53359375 0.0234375 0.03125
1 0.33203125 0.48671875 0.025 0.0421875
1 0.40859375 0.53203125 0.0390625 0.059375
1 0.47890625 0.3328125 0.0296875 0.04375
1 0.44453125 0.3828125 0.0265625 0.034375
1 0.396875 0.3828125 0.028125 0.046875
1 0.3953125 0.30546875 0.028125 0.0421875
1 0.46640625 0.21953125 0.0203125 0.0328125
1 0.465625 0.28515625 0.025 0.05
1 0.55 0.1671875 0.021875 0.028125
1 0.7234375 0.22734375 0.025 0.0296875
1 0.765625 0.4359375 0.03125 0.040625
1 0.65390625 0.46484375 0.0171875 0.040625
1 0.59140625 0.375 0.028125 0.06875
1 0.69140625 0.34609375 0.0234375 0.0296875
3 0.53359375 0.4875 0.5265625 0.7625
3 0.684375 0.29921875 0.303125 0.384375