1 0.5046875 0.80703125 0.025 0.0359375
1 0.54453125 0.7140625 0.0296875 0.0375
1 0.62578125 0.67421875 0.0171875 0.0421875
1 0.63046875 0.571875 0.0265625 0.04375
1 0.69296875 0.453125 0.0265625 0.04375
1 0.52109375 0.52421875 0.025 0.0390625
1 0.49921875 0.625 0.028125 0.0375
1 0.3734375 0.65078125 0.021875 0.028125
1 0.38125 0.5171875 0.03125 0.040625
1 0.6015625 0.21328125 0.028125 0.0421875
1 0.52734375 0.23046875 0.025 0.0390625
1 0.515625 0.26171875 0.01875 0.0296875
1 0.5375 0.36875 0.015625 0.0375
1 0.50703125 0.41796875 0.028125 0.0578125
1 0.475 0.29921875 0.025 0.0421875
1 0.39296875 0.34765625 0.025 0.053125
1 0.36640625 0.4515625 0.028125 0.04375
3 0.5015625 0.49375 0.5125 0.75