1 0.23203125 0.2703125 0.0234375 0.03046875
1 0.240625 0.33984375 0.02109375 0.03203125
1 0.315625 0.25859375 0.02265625 0.02890625
1 0.3671875 0.30078125 0.021875 0.034375
1 0.31484375 0.32890625 0.01953125 0.0296875
1 0.2828125 0.38984375 0.02265625 0.034375
1 0.15859375 0.3875 0.02109375 0.028125
1 0.19765625 0.440625 0.0203125 0.03359375
1 0.1609375 0.51953125 0.0171875 0.0296875
1 0.20859375 0.53046875 0.02265625 0.0296875
1 0.35625 0.39609375 0.021875 0.0328125
1 0.39609375 0.39296875 0.02109375 0.0328125
1 0.2671875 0.4828125 0.021875 0.0296875
1 0.32109375 0.49375 0.021875 0.0328125
1 0.38203125 0.51953125 0.02109375 0.03046875
1 0.23984375 0.60703125 0.0203125 0.02734375
1 0.325 0.59375 0.02109375 0.03203125
2 0.19765625 0.303125 0.0578125 0.07734375
2 0.271875 0.2859375 0.0515625 0.07734375
2 0.35859375 0.3078125 0.05078125 0.07578125
2 0.165625 0.446875 0.053125 0.07265625
2 0.23125 0.44765625 0.05625 0.08359375
2 0.3203125 0.41484375 0.0515625 0.075
2 0.38125 0.44921875 0.04765625 0.08125
2 0.1984375 0.54921875 0.05625 0.08046875
2 0.27734375 0.5984375 0.05390625 0.07734375
2 0.346875 0.54921875 0.05625 0.08203125
3 0.271875 0.4203125 0.33828125 0.50390625