1 0.2703125 0.76796875 0.03125 0.0234375
1 0.33984375 0.759375 0.0328125 0.021875
1 0.25859375 0.684375 0.0296875 0.021875
1 0.30078125 0.6328125 0.034375 0.021875
1 0.32890625 0.68515625 0.0296875 0.0203125
1 0.38984375 0.7171875 0.034375 0.021875
1 0.3875 0.84140625 0.028125 0.0203125
1 0.440625 0.80234375 0.034375 0.0203125
1 0.51953125 0.8390625 0.0296875 0.015625
1 0.53046875 0.79140625 0.0296875 0.0234375
1 0.39609375 0.64375 0.0328125 0.021875
1 0.39296875 0.60390625 0.0328125 0.0203125
1 0.4828125 0.7328125 0.028125 0.021875
1 0.49375 0.67890625 0.03125 0.021875
1 0.51953125 0.61796875 0.0296875 0.0203125
1 0.60703125 0.76015625 0.0265625 0.0203125
1 0.59375 0.675 0.03125 0.021875
2 0.303125 0.80234375 0.078125 0.0578125
2 0.2859375 0.728125 0.078125 0.05
2 0.3078125 0.64140625 0.075 0.0515625
2 0.446875 0.834375 0.071875 0.053125
2 0.44765625 0.76875 0.0828125 0.05625
2 0.41484375 0.6796875 0.075 0.053125
2 0.44921875 0.61875 0.08125 0.046875
2 0.54921875 0.8015625 0.0796875 0.05625
2 0.5984375 0.72265625 0.078125 0.0546875
2 0.54921875 0.653125 0.0828125 0.05625
3 0.4203125 0.728125 0.503125 0.3375