3 0.525 0.50078125 0.771875 0.5171875
3 0.30546875 0.3515625 0.3703125 0.303125
1 0.44453125 0.24375 0.0359375 0.025
1 0.4375 0.27109375 0.040625 0.0328125
1 0.3515625 0.34921875 0.034375 0.0234375
1 0.3203125 0.2890625 0.021875 0.015625
1 0.234375 0.32109375 0.03125 0.025
1 0.2890625 0.41484375 0.0375 0.0203125
1 0.23125 0.409375 0.040625 0.015625
1 0.3546875 0.40625 0.028125 0.01875
1 0.4078125 0.446875 0.040625 0.025
1 0.45625 0.46015625 0.0375 0.0328125
1 0.4734375 0.3828125 0.03125 0.025
1 0.45 0.3375 0.040625 0.021875
1 0.37421875 0.44375 0.0328125 0.01875
1 0.35234375 0.56171875 0.0453125 0.028125
1 0.4078125 0.5953125 0.034375 0.028125
1 0.41875 0.5546875 0.03125 0.01875
1 0.18671875 0.49375 0.0265625 0.021875
1 0.31171875 0.57734375 0.0484375 0.0171875
1 0.40859375 0.6421875 0.046875 0.03125
1 0.334375 0.6453125 0.05 0.028125
1 0.7546875 0.35390625 0.040625 0.0265625
1 0.659375 0.35625 0.04375 0.025
1 0.55078125 0.32734375 0.0390625 0.028125
1 0.6125 0.2875 0.05 0.03125
1 0.58671875 0.384375 0.034375 0.01875
1 0.57890625 0.43359375 0.0359375 0.0203125
1 0.7546875 0.35234375 0.0375 0.0296875
1 0.70546875 0.4671875 0.0453125 0.03125
1 0.79375 0.5375 0.03125 0.01875
1 0.8390625 0.48671875 0.03125 0.0171875
1 0.746875 0.5625 0.04375 0.025
1 0.5609375 0.5234375 0.05 0.028125
1 0.55546875 0.5578125 0.053125 0.015625
1 0.54765625 0.6203125 0.040625 0.03125
1 0.7 0.63125 0.04375 0.028125
1 0.56640625 0.71640625 0.025 0.0234375
1 0.51953125 0.70390625 0.0484375 0.0234375
1 0.23671875 0.57578125 0.0515625 0.025
2 0.3625 0.3609375 0.109375 0.078125
2 0.34140625 0.5109375 0.1171875 0.06875
2 0.41640625 0.675 0.1140625 0.06875
2 0.44921875 0.61328125 0.0953125 0.0578125