1 0.46171875 0.19609375 0.0296875 0.01875
1 0.42421875 0.16328125 0.0453125 0.0328125
1 0.37421875 0.1828125 0.0296875 0.021875
1 0.2984375 0.18828125 0.028125 0.0203125
1 0.34140625 0.15078125 0.0265625 0.0171875
1 0.31640625 0.12734375 0.0296875 0.0296875
1 0.396875 0.09453125 0.028125 0.0234375
1 0.33203125 0.0515625 0.0328125 0.01875
1 0.2921875 0.03203125 0.028125 0.0171875
1 0.23984375 0.065625 0.0234375 0.01875
1 0.25 0.11328125 0.03125 0.0234375
1 0.24375 0.1375 0.028125 0.01875
1 0.24140625 0.16875 0.0171875 0.01875
1 0.2625 0.17109375 0.021875 0.0171875
1 0.159375 0.09296875 0.028125 0.0203125
1 0.15 0.0671875 0.021875 0.025
1 0.1125 0.1265625 0.034375 0.021875
1 0.04296875 0.1234375 0.0296875 0.01875
1 0.01328125 0.10390625 0.0265625 0.0171875
1 0.3828125 0.27734375 0.040625 0.0203125
1 0.396875 0.32890625 0.03125 0.0203125
1 0.33984375 0.3484375 0.0234375 0.0125
1 0.31875 0.3375 0.028125 0.015625
1 0.21796875 0.26796875 0.03125 0.01875
1 0.21328125 0.36328125 0.0328125 0.0234375
1 0.0828125 0.3515625 0.03125 0.021875
1 0.0421875 0.1921875 0.028125 0.021875
1 0.02109375 0.21484375 0.0234375 0.0140625
1 0.09140625 0.234375 0.028125 0.021875
1 0.0578125 0.26796875 0.034375 0.025
1 0.0125 0.30390625 0.025 0.0203125
1 0.1359375 0.28125 0.028125 0.01875
1 0.13671875 0.246875 0.0296875 0.01875
3 0.26484375 0.20625 0.5296875 0.4125