3 0.6765625 0.496875 0.53125 0.80625
1 0.82421875 0.48203125 0.025 0.0484375
1 0.80390625 0.35234375 0.0359375 0.0390625
1 0.73515625 0.29453125 0.0265625 0.0484375
1 0.6890625 0.30703125 0.034375 0.0484375
1 0.5953125 0.2671875 0.01875 0.05
1 0.59296875 0.475 0.0296875 0.046875
1 0.5265625 0.5296875 0.034375 0.046875
1 0.4625 0.45234375 0.03125 0.040625
1 0.5421875 0.6671875 0.03125 0.028125
1 0.61328125 0.6875 0.0328125 0.04375
1 0.6625 0.52421875 0.03125 0.0359375
1 0.73515625 0.51953125 0.0421875 0.040625
1 0.76484375 0.565625 0.0234375 0.028125
1 0.6875 0.79765625 0.034375 0.0421875
1 0.86171875 0.5703125 0.0296875 0.040625
1 0.840625 0.54453125 0.025 0.0328125
1 0.86484375 0.6890625 0.025 0.040625