1 0.19609375 0.53828125 0.01875 0.03046875
1 0.16328125 0.57578125 0.03359375 0.04609375
1 0.1828125 0.62578125 0.02109375 0.03046875
1 0.18828125 0.7015625 0.0203125 0.02890625
1 0.15078125 0.65859375 0.0171875 0.0265625
1 0.12734375 0.68359375 0.03046875 0.03046875
1 0.09453125 0.603125 0.02265625 0.02734375
1 0.0515625 0.66796875 0.01953125 0.0328125
1 0.03203125 0.7078125 0.01796875 0.02890625
1 0.065625 0.76015625 0.01953125 0.02421875
1 0.11328125 0.75 0.0234375 0.03046875
1 0.1375 0.75625 0.01875 0.028125
1 0.16875 0.75859375 0.01953125 0.01640625
1 0.17109375 0.7375 0.0171875 0.021875
1 0.09296875 0.840625 0.0203125 0.028125
1 0.0671875 0.85 0.02421875 0.02109375
1 0.1265625 0.8875 0.021875 0.034375
1 0.1234375 0.95703125 0.01953125 0.03046875
1 0.10390625 0.98671875 0.0171875 0.0265625
1 0.27734375 0.6171875 0.0203125 0.0390625
1 0.32890625 0.603125 0.0203125 0.0296875
1 0.3484375 0.66015625 0.01328125 0.02265625
1 0.3375 0.68125 0.01640625 0.02734375
1 0.26796875 0.78203125 0.01875 0.03125
1 0.36328125 0.78671875 0.02265625 0.0328125
1 0.3515625 0.9171875 0.0203125 0.03125
1 0.1921875 0.9578125 0.0203125 0.02734375
1 0.21484375 0.97890625 0.01484375 0.02265625
1 0.234375 0.90859375 0.02109375 0.028125
1 0.26796875 0.9421875 0.025 0.03359375
1 0.30390625 0.9875 0.01953125 0.025
1 0.28125 0.8640625 0.01875 0.02890625
1 0.246875 0.86328125 0.0203125 0.02890625
3 0.20625 0.73515625 0.4125 0.5296875