1 0.53828125 0.80390625 0.0296875 0.01875
1 0.57578125 0.83671875 0.0453125 0.0328125
1 0.62578125 0.8171875 0.0296875 0.021875
1 0.7015625 0.81171875 0.028125 0.0203125
1 0.65859375 0.84921875 0.0265625 0.0171875
1 0.68359375 0.87265625 0.0296875 0.0296875
1 0.603125 0.90546875 0.028125 0.0234375
1 0.66796875 0.9484375 0.0328125 0.01875
1 0.7078125 0.96796875 0.028125 0.0171875
1 0.76015625 0.934375 0.0234375 0.01875
1 0.75 0.88671875 0.03125 0.0234375
1 0.75625 0.8625 0.028125 0.01875
1 0.75859375 0.83125 0.0171875 0.01875
1 0.7375 0.82890625 0.021875 0.0171875
1 0.840625 0.90703125 0.028125 0.0203125
1 0.85 0.9328125 0.021875 0.025
1 0.8875 0.8734375 0.034375 0.021875
1 0.95703125 0.8765625 0.0296875 0.01875
1 0.98671875 0.89609375 0.0265625 0.0171875
1 0.6171875 0.72265625 0.040625 0.0203125
1 0.603125 0.67109375 0.03125 0.0203125
1 0.66015625 0.6515625 0.0234375 0.0125
1 0.68125 0.6625 0.028125 0.015625
1 0.78203125 0.73203125 0.03125 0.01875
1 0.78671875 0.63671875 0.0328125 0.0234375
1 0.9171875 0.6484375 0.03125 0.021875
1 0.9578125 0.8078125 0.028125 0.021875
1 0.97890625 0.78515625 0.0234375 0.0140625
1 0.90859375 0.765625 0.028125 0.021875
1 0.9421875 0.73203125 0.034375 0.025
1 0.9875 0.69609375 0.025 0.0203125
1 0.8640625 0.71875 0.028125 0.01875
1 0.86328125 0.753125 0.0296875 0.01875
3 0.73515625 0.79375 0.5296875 0.4125