3 0.50078125 0.475 0.5171875 0.771875
3 0.3515625 0.69453125 0.303125 0.37109375
1 0.24375 0.55546875 0.0234375 0.03515625
1 0.27109375 0.5625 0.03203125 0.040625
1 0.34921875 0.6484375 0.0234375 0.03515625
1 0.2890625 0.6796875 0.0140625 0.02109375
1 0.32109375 0.765625 0.025 0.0296875
1 0.41484375 0.7109375 0.02109375 0.03671875
1 0.409375 0.76875 0.01484375 0.03984375
1 0.40625 0.6453125 0.0203125 0.02734375
1 0.446875 0.5921875 0.0234375 0.040625
1 0.46015625 0.54375 0.03203125 0.0359375
1 0.3828125 0.5265625 0.025 0.03046875
1 0.3375 0.55 0.021875 0.040625
1 0.44375 0.62578125 0.0203125 0.03203125
1 0.56171875 0.64765625 0.028125 0.04609375
1 0.5953125 0.5921875 0.0265625 0.0328125
1 0.5546875 0.58125 0.01796875 0.03125
1 0.49375 0.81328125 0.021875 0.0265625
1 0.57734375 0.68828125 0.01796875 0.04765625
1 0.6421875 0.59140625 0.03203125 0.046875
1 0.6453125 0.665625 0.0296875 0.05
1 0.35390625 0.2453125 0.02578125 0.04140625
1 0.35625 0.340625 0.02578125 0.04375
1 0.32734375 0.44921875 0.028125 0.03828125
1 0.2875 0.3875 0.03046875 0.04921875
1 0.384375 0.41328125 0.0203125 0.034375
1 0.43359375 0.42109375 0.02109375 0.0359375
1 0.35234375 0.2453125 0.03046875 0.03671875
1 0.4671875 0.29453125 0.03046875 0.0453125
1 0.5375 0.20625 0.0203125 0.0328125
1 0.48671875 0.1609375 0.01796875 0.03125
1 0.5625 0.253125 0.02578125 0.04375
1 0.5234375 0.4390625 0.0296875 0.04921875
1 0.5578125 0.44453125 0.01484375 0.053125
1 0.6203125 0.45234375 0.03203125 0.040625
1 0.63125 0.3 0.028125 0.04375
1 0.71640625 0.43359375 0.02265625 0.025
1 0.70390625 0.48046875 0.0234375 0.0484375
1 0.57578125 0.76328125 0.025 0.05078125
2 0.3609375 0.6375 0.07890625 0.11015625
2 0.5109375 0.65859375 0.06875 0.11640625
2 0.675 0.58359375 0.06796875 0.1140625
2 0.61328125 0.55078125 0.05703125 0.0953125