3 0.20546875 0.73515625 0.4109375 0.5296875
1 0.19609375 0.5390625 0.01640625 0.025
1 0.16875 0.56796875 0.02890625 0.02578125
1 0.0953125 0.6046875 0.025 0.02578125
1 0.0515625 0.6671875 0.02265625 0.03671875
1 0.03046875 0.70703125 0.01796875 0.02734375
1 0.1234375 0.68515625 0.01796875 0.03125
1 0.15 0.659375 0.01953125 0.0296875
1 0.1828125 0.62578125 0.01953125 0.03671875
1 0.1859375 0.703125 0.02421875 0.02734375
1 0.16875 0.746875 0.021875 0.03515625
1 0.11328125 0.74609375 0.0203125 0.0296875
1 0.13671875 0.7546875 0.01875 0.0328125
1 0.0671875 0.76015625 0.0203125 0.02109375
1 0.06640625 0.846875 0.02421875 0.02890625
1 0.12734375 0.88828125 0.0234375 0.03203125
1 0.12109375 0.95859375 0.0203125 0.03203125
1 0.103125 0.984375 0.01640625 0.0234375
1 0.190625 0.95703125 0.0203125 0.0296875
1 0.215625 0.97890625 0.01796875 0.0265625
1 0.265625 0.9421875 0.01953125 0.03046875
1 0.3515625 0.91796875 0.02265625 0.02734375
1 0.30625 0.9859375 0.0234375 0.0265625
1 0.28046875 0.865625 0.01640625 0.02734375
1 0.24765625 0.8625 0.01953125 0.02421875
1 0.2359375 0.9109375 0.0234375 0.028125
1 0.26796875 0.78046875 0.021875 0.03125
1 0.2265625 0.796875 0.01015625 0.01171875
1 0.36484375 0.7859375 0.0234375 0.0296875
1 0.28984375 0.7578125 0.0265625 0.01015625
1 0.278125 0.615625 0.02109375 0.04296875
1 0.32890625 0.603125 0.0203125 0.0328125
1 0.3375 0.68125 0.01484375 0.0296875
1 0.34921875 0.65625 0.0171875 0.02109375
1 0.2078125 0.83046875 0.01875 0.01953125
3 0.32109375 0.628125 0.19453125 0.2890625