3 0.73515625 0.79453125 0.5296875 0.4109375
1 0.5390625 0.80390625 0.025 0.0171875
1 0.56796875 0.83125 0.0265625 0.028125
1 0.6046875 0.9046875 0.025 0.025
1 0.6671875 0.9484375 0.0375 0.021875
1 0.70703125 0.96953125 0.0265625 0.0171875
1 0.68515625 0.8765625 0.03125 0.01875
1 0.659375 0.85 0.03125 0.01875
1 0.62578125 0.8171875 0.0359375 0.01875
1 0.703125 0.8140625 0.028125 0.025
1 0.746875 0.83125 0.034375 0.021875
1 0.74609375 0.88671875 0.0296875 0.0203125
1 0.7546875 0.86328125 0.034375 0.01875
1 0.76015625 0.9328125 0.0203125 0.021875
1 0.846875 0.93359375 0.028125 0.0234375
1 0.88828125 0.87265625 0.0328125 0.0234375
1 0.95859375 0.87890625 0.0328125 0.0203125
1 0.984375 0.896875 0.025 0.015625
1 0.95703125 0.809375 0.0296875 0.01875
1 0.97890625 0.784375 0.0265625 0.01875
1 0.9421875 0.734375 0.03125 0.01875
1 0.91796875 0.6484375 0.0265625 0.021875
1 0.9859375 0.69375 0.028125 0.025
1 0.865625 0.71953125 0.028125 0.0171875
1 0.8625 0.75234375 0.025 0.0203125
1 0.9109375 0.7640625 0.028125 0.021875
1 0.78046875 0.73203125 0.03125 0.021875
1 0.796875 0.7734375 0.0125 0.009375
1 0.7859375 0.63515625 0.028125 0.0234375
1 0.7578125 0.71015625 0.009375 0.0265625
1 0.615625 0.721875 0.04375 0.021875
1 0.603125 0.67109375 0.03125 0.0203125
1 0.68125 0.6625 0.03125 0.015625
1 0.65625 0.65078125 0.021875 0.0171875
1 0.83046875 0.7921875 0.0203125 0.01875
3 0.628125 0.67890625 0.2875 0.1953125