3 0.496875 0.3234375 0.8078125 0.53203125
1 0.48203125 0.17578125 0.0484375 0.025
1 0.35234375 0.19609375 0.0390625 0.03515625
1 0.29453125 0.26484375 0.04765625 0.0265625
1 0.30703125 0.3109375 0.0484375 0.034375
1 0.2671875 0.4046875 0.04921875 0.01953125
1 0.475 0.40703125 0.04609375 0.03046875
1 0.5296875 0.4734375 0.0453125 0.0328125
1 0.45234375 0.5375 0.040625 0.03203125
1 0.6671875 0.4578125 0.0296875 0.03125
1 0.6875 0.38671875 0.04375 0.03359375
1 0.52421875 0.3375 0.03515625 0.0296875
1 0.51953125 0.26484375 0.040625 0.0421875
1 0.565625 0.23515625 0.02734375 0.0234375
1 0.79765625 0.3125 0.0421875 0.03359375
1 0.5703125 0.13828125 0.0421875 0.03046875
1 0.54453125 0.159375 0.03203125 0.02421875
1 0.6890625 0.13515625 0.0421875 0.025