3 0.278125 0.625 0.55625 0.74609375
3 0.84765625 0.63203125 0.3046875 0.7359375
2 0.01484375 0.8140625 0.0296875 0.11640625
2 0.128125 0.79375 0.09609375 0.12109375
2 0.05390625 0.96328125 0.096875 0.0734375
2 0.23359375 0.87421875 0.08984375 0.10703125
2 0.37578125 0.90078125 0.08359375 0.1234375
2 0.4203125 0.715625 0.0734375 0.11015625
2 0.2984375 0.7125 0.09609375 0.1171875
2 0.184375 0.60390625 0.08828125 0.103125
2 0.10234375 0.47578125 0.09296875 0.10390625
2 0.25 0.39921875 0.09453125 0.10234375
2 0.371875 0.51640625 0.09296875 0.125
0 0.796875 0.62734375 0.071875 0.18046875
0 0.83359375 0.82421875 0.13671875 0.08984375
0 0.9609375 0.4 0.078125 0.11953125
2 0.12265625 0.39609375 0.05234375 0.08046875