3 0.375 0.278125 0.746875 0.55625
3 0.36796875 0.84765625 0.7359375 0.3046875
2 0.1859375 0.01484375 0.115625 0.0296875
2 0.20625 0.128125 0.121875 0.096875
2 0.03671875 0.05390625 0.0734375 0.096875
2 0.12578125 0.23359375 0.1078125 0.0890625
2 0.09921875 0.37578125 0.1234375 0.0828125
2 0.284375 0.4203125 0.109375 0.071875
2 0.2875 0.2984375 0.11875 0.096875
2 0.39609375 0.184375 0.103125 0.0875
2 0.52421875 0.10234375 0.1046875 0.0921875
2 0.60078125 0.25 0.1015625 0.09375
2 0.48359375 0.371875 0.125 0.09375
0 0.37265625 0.796875 0.1796875 0.071875
0 0.17578125 0.83359375 0.0890625 0.1359375
0 0.6 0.9609375 0.11875 0.078125
2 0.60390625 0.12265625 0.0796875 0.0515625