3 0.625 0.721875 0.746875 0.55625
3 0.63203125 0.15234375 0.7359375 0.3046875
2 0.8140625 0.98515625 0.115625 0.0296875
2 0.79375 0.871875 0.121875 0.096875
2 0.96328125 0.94609375 0.0734375 0.096875
2 0.87421875 0.76640625 0.1078125 0.0890625
2 0.90078125 0.62421875 0.1234375 0.0828125
2 0.715625 0.5796875 0.109375 0.071875
2 0.7125 0.7015625 0.11875 0.096875
2 0.60390625 0.815625 0.103125 0.0875
2 0.47578125 0.89765625 0.1046875 0.0921875
2 0.39921875 0.75 0.1015625 0.09375
2 0.51640625 0.628125 0.125 0.09375
0 0.62734375 0.203125 0.1796875 0.071875
0 0.82421875 0.16640625 0.0890625 0.1359375
0 0.4 0.0390625 0.11875 0.078125
2 0.39609375 0.87734375 0.0796875 0.0515625