3 0.58046875 0.42109375 0.3046875 0.7734375
1 0.57109375 0.65703125 0.0328125 0.0546875
1 0.459375 0.58984375 0.03125 0.0671875
1 0.53828125 0.51484375 0.0265625 0.0578125
1 0.51171875 0.46484375 0.0125 0.0359375
1 0.58125 0.40546875 0.034375 0.0546875
1 0.546875 0.1625 0.01875 0.04375
1 0.57265625 0.2578125 0.0109375 0.059375
0 0.48359375 0.66875 0.08125 0.159375
0 0.4828125 0.4296875 0.1125 0.203125
0 0.490625 0.3546875 0.06875 0.28125
0 0.62734375 0.490625 0.121875 0.153125
0 0.55625 0.24921875 0.05625 0.246875
0 0.59921875 0.23515625 0.0671875 0.165625
0 0.34609375 0.9234375 0.0953125 0.153125
0 0.3484375 0.1734375 0.09375 0.2125
0 0.265625 0.23203125 0.090625 0.4640625