3 0.5390625 0.58515625 0.478125 0.7203125
1 0.54375 0.8765625 0.0375 0.059375
1 0.35703125 0.54140625 0.0421875 0.0671875
1 0.42265625 0.78125 0.0390625 0.053125
1 0.5140625 0.68359375 0.040625 0.065625
1 0.59296875 0.5390625 0.0421875 0.065625
1 0.68984375 0.45234375 0.0421875 0.0625
1 0.70703125 0.66171875 0.034375 0.059375
1 0.6484375 0.76875 0.034375 0.05625
1 0.57578125 0.378125 0.0328125 0.05
1 0.5203125 0.4015625 0.040625 0.065625
1 0.434375 0.4875 0.0375 0.053125
2 0.35859375 0.70390625 0.0453125 0.0859375
2 0.61015625 0.88984375 0.0578125 0.0484375
2 0.7203125 0.740625 0.05 0.08125
2 0.740625 0.63359375 0.05 0.0828125
2 0.69921875 0.4265625 0.0484375 0.078125
2 0.64375 0.346875 0.0625 0.059375
2 0.5875 0.28359375 0.0625 0.0453125
2 0.5171875 0.27109375 0.059375 0.0296875
2 0.35 0.4875 0.0375 0.06875
2 0.33671875 0.5828125 0.0390625 0.078125
2 0.4 0.803125 0.04375 0.0625
2 0.53515625 0.88828125 0.0546875 0.0640625
1 0.61171875 0.74453125 0.0328125 0.0390625