3 0.33828125 0.68203125 0.6765625 0.6328125
3 0.16015625 0.5578125 0.26328125 0.3484375
3 0.58984375 0.53359375 0.30390625 0.359375
3 0.37109375 0.58359375 0.25859375 0.36171875
3 0.84921875 0.3484375 0.3015625 0.296875
3 0.93984375 0.26953125 0.11953125 0.34296875
3 0.86875 0.5875 0.2625 0.23828125
2 0.07890625 0.6921875 0.096875 0.08046875
2 0.1640625 0.75703125 0.1078125 0.11171875
2 0.18828125 0.5171875 0.10390625 0.07890625
2 0.26484375 0.58203125 0.02109375 0.0765625
2 0.3171875 0.58046875 0.046875 0.08671875
2 0.43359375 0.52890625 0.0796875 0.09765625
2 0.3703125 0.66875 0.07265625 0.10078125
2 0.52578125 0.5046875 0.0765625 0.08828125
2 0.60625 0.5984375 0.0859375 0.07109375
2 0.4734375 0.665625 0.0546875 0.06953125
2 0.5578125 0.77421875 0.07109375 0.07265625
2 0.41875 0.76953125 0.07421875 0.034375
2 0.40078125 0.83515625 0.06171875 0.0390625
2 0.0734375 0.6953125 0.0875 0.08125
2 0.08203125 0.89609375 0.0921875 0.10078125
2 0.29140625 0.90859375 0.07734375 0.10625
2 0.37109375 0.90078125 0.0640625 0.1
2 0.41015625 0.8359375 0.06640625 0.0515625
2 0.42890625 0.771875 0.10234375 0.0265625
0 0.85859375 0.30390625 0.0984375 0.07421875
0 0.85234375 0.6453125 0.05390625 0.05078125
0 0.87890625 0.20234375 0.0359375 0.0625