3 0.31796875 0.33828125 0.6328125 0.6765625
3 0.4421875 0.16015625 0.346875 0.2640625
3 0.46640625 0.58984375 0.359375 0.3046875
3 0.41640625 0.37109375 0.3609375 0.2578125
3 0.6515625 0.84921875 0.296875 0.3015625
3 0.73046875 0.93984375 0.3421875 0.1203125
3 0.4125 0.86875 0.2375 0.2625
2 0.3078125 0.07890625 0.08125 0.096875
2 0.24296875 0.1640625 0.1109375 0.109375
2 0.4828125 0.18828125 0.078125 0.1046875
2 0.41796875 0.26484375 0.0765625 0.0203125
2 0.41953125 0.3171875 0.0859375 0.046875
2 0.47109375 0.43359375 0.0984375 0.0796875
2 0.33125 0.3703125 0.1 0.071875
2 0.4953125 0.52578125 0.0875 0.0765625
2 0.4015625 0.60625 0.071875 0.0875
2 0.334375 0.4734375 0.06875 0.053125
2 0.22578125 0.5578125 0.0734375 0.071875
2 0.23046875 0.41875 0.034375 0.075
2 0.16484375 0.40078125 0.0390625 0.0609375
2 0.3046875 0.0734375 0.08125 0.0875
2 0.10390625 0.08203125 0.1015625 0.0921875
2 0.09140625 0.29140625 0.10625 0.0765625
2 0.09921875 0.37109375 0.1 0.0640625
2 0.1640625 0.41015625 0.053125 0.0671875
2 0.228125 0.42890625 0.025 0.1015625
0 0.69609375 0.85859375 0.0734375 0.0984375
0 0.3546875 0.85234375 0.05 0.0546875
0 0.79765625 0.87890625 0.0625 0.0359375