3 0.57421875 0.6 0.559375 0.35625
2 0.5984375 0.49296875 0.075 0.0671875
2 0.53671875 0.584375 0.0859375 0.065625
2 0.7125 0.60234375 0.06875 0.065625
2 0.63125 0.65234375 0.0625 0.0640625
2 0.75234375 0.7078125 0.08125 0.059375
2 0.68359375 0.80625 0.0796875 0.059375
2 0.6375 0.74921875 0.0625 0.0609375
2 0.58671875 0.83359375 0.0640625 0.0671875
2 0.4921875 0.8703125 0.078125 0.059375
2 0.43359375 0.81328125 0.0734375 0.071875
2 0.44140625 0.6796875 0.0640625 0.0625
2 0.55390625 0.6421875 0.0421875 0.028125
3 0.58828125 0.8046875 0.5484375 0.321875