3 0.50234375 0.23359375 0.3765625 0.4671875
3 0.63359375 0.73515625 0.3828125 0.4734375
3 0.22265625 0.61015625 0.3609375 0.45625
1 0.06953125 0.640625 0.0171875 0.03125
1 0.11875 0.7171875 0.01875 0.028125
1 0.075 0.684375 0.01875 0.028125
1 0.08359375 0.53359375 0.0203125 0.0296875
1 0.17265625 0.5421875 0.0203125 0.025
1 0.209375 0.44140625 0.025 0.028125
1 0.22421875 0.5671875 0.0234375 0.025
1 0.2375 0.628125 0.01875 0.025
1 0.15 0.59921875 0.025 0.028125
1 0.14921875 0.6765625 0.0171875 0.03125
1 0.20703125 0.71171875 0.0171875 0.0203125
1 0.31171875 0.7546875 0.021875 0.03125
1 0.3421875 0.59140625 0.015625 0.0296875
1 0.32578125 0.51328125 0.0203125 0.0234375
1 0.27421875 0.48046875 0.0171875 0.0234375
1 0.22421875 0.41171875 0.0109375 0.0109375
1 0.2015625 0.4578125 0.015625 0.009375
1 0.28203125 0.43984375 0.0265625 0.0109375
1 0.1109375 0.5515625 0.028125 0.028125
1 0.109375 0.51640625 0.021875 0.028125
1 0.1328125 0.76484375 0.0125 0.025
1 0.16328125 0.76953125 0.0203125 0.0328125
1 0.2421875 0.7578125 0.025 0.034375
1 0.22265625 0.7859375 0.021875 0.03125
1 0.2390625 0.796875 0.01875 0.025
1 0.3125 0.453125 0.015625 0.021875