3 0.6 0.42578125 0.35703125 0.559375
2 0.49296875 0.4015625 0.06796875 0.07578125
2 0.584375 0.46328125 0.06484375 0.0859375
2 0.60234375 0.2875 0.065625 0.06875
2 0.65234375 0.36875 0.0640625 0.0625
2 0.7078125 0.24765625 0.0578125 0.08125
2 0.80625 0.31640625 0.06015625 0.0796875
2 0.74921875 0.3625 0.06015625 0.06328125
2 0.83359375 0.41328125 0.06640625 0.0640625
2 0.8703125 0.5078125 0.059375 0.0796875
2 0.81328125 0.56640625 0.071875 0.07421875
2 0.6796875 0.55859375 0.0625 0.06484375
2 0.6421875 0.44609375 0.0296875 0.04296875
3 0.8046875 0.41171875 0.321875 0.54921875