3 0.7484375 0.5453125 0.2 0.303125
3 0.571875 0.3640625 0.215625 0.29375
3 0.559375 0.66640625 0.21875 0.290625
3 0.3625 0.41328125 0.209375 0.2953125
3 0.19921875 0.7828125 0.2265625 0.3125
0 0.603125 0.71640625 0.0375 0.0609375
0 0.61796875 0.64453125 0.0375 0.0671875
0 0.56640625 0.65703125 0.0390625 0.059375
0 0.5609375 0.73359375 0.046875 0.0484375
0 0.528125 0.7546875 0.025 0.059375
0 0.57890625 0.57421875 0.034375 0.0453125
0 0.53125 0.59140625 0.03125 0.0703125
0 0.49453125 0.62890625 0.040625 0.0453125
0 0.50703125 0.6890625 0.0296875 0.05625
0 0.41875 0.58984375 0.065625 0.075
0 0.8 0.36796875 0.05625 0.0421875
0 0.8234375 0.24609375 0.065625 0.0703125
0 0.80078125 0.17890625 0.0546875 0.0921875
0 0.746875 0.23125 0.075 0.05625
2 0.2390625 0.88984375 0.059375 0.0671875
2 0.26484375 0.81171875 0.0515625 0.0671875
2 0.240625 0.70546875 0.04375 0.053125
2 0.18984375 0.74375 0.0203125 0.053125
2 0.190625 0.8140625 0.05625 0.071875
2 0.16875 0.88984375 0.04375 0.059375
2 0.15234375 0.73359375 0.05625 0.06875
2 0.18984375 0.66484375 0.0328125 0.040625
2 0.12421875 0.83671875 0.0453125 0.0578125