3 0.41953125 0.57890625 0.3046875 0.7734375
1 0.42890625 0.34296875 0.0328125 0.0546875
1 0.540625 0.41015625 0.03125 0.0671875
1 0.46171875 0.48515625 0.0265625 0.0578125
1 0.48828125 0.53515625 0.0125 0.0359375
1 0.41875 0.59453125 0.034375 0.0546875
1 0.453125 0.8375 0.01875 0.04375
1 0.42734375 0.7421875 0.0109375 0.059375
0 0.51640625 0.33125 0.08125 0.159375
0 0.5171875 0.5703125 0.1125 0.203125
0 0.509375 0.6453125 0.06875 0.28125
0 0.37265625 0.509375 0.121875 0.153125
0 0.44375 0.75078125 0.05625 0.246875
0 0.40078125 0.76484375 0.0671875 0.165625
0 0.65390625 0.0765625 0.0953125 0.153125
0 0.6515625 0.8265625 0.09375 0.2125
0 0.734375 0.76796875 0.090625 0.4640625