3 0.2515625 0.4546875 0.2 0.303125
3 0.428125 0.6359375 0.215625 0.29375
3 0.440625 0.33359375 0.21875 0.290625
3 0.6375 0.58671875 0.209375 0.2953125
3 0.80078125 0.2171875 0.2265625 0.3125
0 0.396875 0.28359375 0.0375 0.0609375
0 0.38203125 0.35546875 0.0375 0.0671875
0 0.43359375 0.34296875 0.0390625 0.059375
0 0.4390625 0.26640625 0.046875 0.0484375
0 0.471875 0.2453125 0.025 0.059375
0 0.42109375 0.42578125 0.034375 0.0453125
0 0.46875 0.40859375 0.03125 0.0703125
0 0.50546875 0.37109375 0.040625 0.0453125
0 0.49296875 0.3109375 0.0296875 0.05625
0 0.58125 0.41015625 0.065625 0.075
0 0.2 0.63203125 0.05625 0.0421875
0 0.1765625 0.75390625 0.065625 0.0703125
0 0.19921875 0.82109375 0.0546875 0.0921875
0 0.253125 0.76875 0.075 0.05625
2 0.7609375 0.11015625 0.059375 0.0671875
2 0.73515625 0.18828125 0.0515625 0.0671875
2 0.759375 0.29453125 0.04375 0.053125
2 0.81015625 0.25625 0.0203125 0.053125
2 0.809375 0.1859375 0.05625 0.071875
2 0.83125 0.11015625 0.04375 0.059375
2 0.84765625 0.26640625 0.05625 0.06875
2 0.81015625 0.33515625 0.0328125 0.040625
2 0.87578125 0.16328125 0.0453125 0.0578125