3 0.5390625 0.58515625 0.47734375 0.7203125
1 0.54375 0.8765625 0.0375 0.0578125
1 0.35703125 0.54140625 0.04296875 0.06640625
1 0.42265625 0.78125 0.0390625 0.05234375
1 0.5140625 0.68359375 0.0390625 0.065625
1 0.59296875 0.5390625 0.04296875 0.06484375
1 0.68984375 0.45234375 0.04140625 0.0625
1 0.70703125 0.66171875 0.034375 0.059375
1 0.6484375 0.76875 0.0328125 0.0578125
1 0.57578125 0.378125 0.0328125 0.0484375
1 0.5203125 0.4015625 0.03984375 0.0640625
1 0.434375 0.4875 0.03671875 0.05234375
2 0.35859375 0.70390625 0.04609375 0.08671875
2 0.61015625 0.88984375 0.05859375 0.0484375
2 0.7203125 0.740625 0.05 0.08046875
2 0.740625 0.63359375 0.05 0.08359375
2 0.69921875 0.4265625 0.04765625 0.0796875
2 0.64375 0.346875 0.06328125 0.06015625
2 0.5875 0.28359375 0.0625 0.04453125
2 0.5171875 0.27109375 0.05859375 0.0296875
2 0.35 0.4875 0.0375 0.0703125
2 0.33671875 0.5828125 0.03984375 0.078125
2 0.4 0.803125 0.0453125 0.06171875
2 0.53515625 0.88828125 0.0546875 0.06328125
1 0.61171875 0.74453125 0.03203125 0.0390625