3 0.57890625 0.58046875 0.7734375 0.30546875
1 0.34296875 0.57109375 0.05546875 0.03359375
1 0.41015625 0.459375 0.06796875 0.0328125
1 0.48515625 0.53828125 0.0578125 0.0265625
1 0.53515625 0.51171875 0.0359375 0.0125
1 0.59453125 0.58125 0.0546875 0.034375
1 0.8375 0.546875 0.0453125 0.01796875
1 0.7421875 0.57265625 0.059375 0.01171875
0 0.33125 0.48359375 0.16015625 0.08125
0 0.5703125 0.4828125 0.20390625 0.11171875
0 0.6453125 0.490625 0.28203125 0.06875
0 0.509375 0.62734375 0.15390625 0.121875
0 0.75078125 0.55625 0.246875 0.05703125
0 0.76484375 0.59921875 0.165625 0.0671875
0 0.0765625 0.34609375 0.153125 0.0953125
0 0.8265625 0.3484375 0.21171875 0.09375
0 0.76796875 0.265625 0.46328125 0.08984375