3 0.58359375 0.4375 0.525 0.42890625
3 0.9046875 0.2671875 0.190625 0.36484375
1 0.409375 0.4703125 0.03125 0.0265625
1 0.3859375 0.42265625 0.03046875 0.03359375
1 0.41875 0.37421875 0.034375 0.02734375
1 0.44140625 0.30546875 0.025 0.02265625
1 0.4375 0.34375 0.028125 0.0234375
1 0.46171875 0.3953125 0.02578125 0.021875
1 0.49765625 0.3984375 0.03359375 0.0234375
1 0.50390625 0.42890625 0.034375 0.0328125
1 0.5328125 0.4921875 0.04921875 0.03125
1 0.43828125 0.49453125 0.025 0.028125
1 0.49140625 0.52265625 0.02734375 0.03828125
1 0.5859375 0.53984375 0.0375 0.03203125
1 0.615625 0.45859375 0.01796875 0.025
1 0.59453125 0.39765625 0.034375 0.0265625
1 0.496875 0.3046875 0.02421875 0.03046875
1 0.56484375 0.29140625 0.03046875 0.01953125
1 0.62421875 0.37265625 0.03671875 0.03125
1 0.59765625 0.31875 0.03125 0.02734375
1 0.60234375 0.296875 0.02109375 0.01875
1 0.6359375 0.3046875 0.02109375 0.01484375
1 0.68046875 0.34140625 0.02890625 0.02734375
1 0.6953125 0.29765625 0.03828125 0.02890625
1 0.75859375 0.3703125 0.03125 0.028125
1 0.7109375 0.40859375 0.02890625 0.03125
1 0.7625 0.4734375 0.028125 0.03203125
1 0.73828125 0.446875 0.02265625 0.0234375
1 0.62734375 0.47734375 0.0234375 0.0375
1 0.6734375 0.51875 0.03046875 0.03359375
1 0.684375 0.36640625 0.0328125 0.02734375
1 0.65546875 0.5125 0.01171875 0.01953125
1 0.17265625 0.6421875 0.03828125 0.0640625
1 0.04609375 0.60546875 0.02265625 0.02734375
1 0.2109375 0.646875 0.028125 0.025
1 0.3125 0.6703125 0.02578125 0.0265625
1 0.24921875 0.66328125 0.0359375 0.03984375
1 0.34375 0.69140625 0.03984375 0.03515625
1 0.51484375 0.68828125 0.04296875 0.0375
1 0.521875 0.78125 0.0390625 0.05
1 0.58046875 0.7421875 0.05 0.04296875
1 0.1703125 0.45703125 0.03359375 0.04609375
1 0.22109375 0.44453125 0.0390625 0.04453125
1 0.24609375 0.48203125 0.03046875 0.02578125
1 0.21796875 0.48203125 0.0296875 0.02734375
1 0.22109375 0.49765625 0.02265625 0.01640625
1 0.18671875 0.48046875 0.03046875 0.04140625
1 0.271875 0.47421875 0.02890625 0.0296875
1 0.259375 0.4453125 0.02890625 0.02578125
1 0.2453125 0.46171875 0.01328125 0.01640625
1 0.2796875 0.453125 0.0140625 0.01796875
1 0.19296875 0.4453125 0.01953125 0.0203125
1 0.88203125 0.3140625 0.03046875 0.02890625
1 0.875 0.2109375 0.025 0.0328125
1 0.9765625 0.33515625 0.02734375 0.0296875
1 0.959375 0.28203125 0.02578125 0.0203125
1 0.99296875 0.271875 0.0140625 0.02734375
1 0.94765625 0.2 0.01953125 0.02890625
1 0.9921875 0.14765625 0.01484375 0.03125
1 0.95546875 0.1703125 0.0265625 0.01953125
1 0.934375 0.19296875 0.0109375 0.015625
1 0.50234375 0.35546875 0.03359375 0.0296875
1 0.63671875 0.41328125 0.0484375 0.0328125