3 0.4375 0.41640625 0.428125 0.525
3 0.2671875 0.0953125 0.365625 0.190625
1 0.4703125 0.590625 0.028125 0.03125
1 0.42265625 0.6140625 0.0328125 0.03125
1 0.37421875 0.58125 0.0265625 0.034375
1 0.30546875 0.55859375 0.0234375 0.025
1 0.34375 0.5625 0.025 0.028125
1 0.3953125 0.53828125 0.021875 0.0265625
1 0.3984375 0.50234375 0.021875 0.0328125
1 0.42890625 0.49609375 0.0328125 0.034375
1 0.4921875 0.4671875 0.03125 0.05
1 0.49453125 0.56171875 0.028125 0.025
1 0.52265625 0.50859375 0.0390625 0.0265625
1 0.53984375 0.4140625 0.0328125 0.0375
1 0.45859375 0.384375 0.025 0.01875
1 0.39765625 0.40546875 0.0265625 0.034375
1 0.3046875 0.503125 0.03125 0.025
1 0.29140625 0.43515625 0.0203125 0.0296875
1 0.37265625 0.37578125 0.03125 0.0359375
1 0.31875 0.40234375 0.028125 0.03125
1 0.296875 0.39765625 0.01875 0.0203125
1 0.3046875 0.3640625 0.015625 0.021875
1 0.34140625 0.31953125 0.0265625 0.0296875
1 0.29765625 0.3046875 0.0296875 0.0375
1 0.3703125 0.24140625 0.028125 0.03125
1 0.40859375 0.2890625 0.03125 0.028125
1 0.4734375 0.2375 0.03125 0.028125
1 0.446875 0.26171875 0.025 0.0234375
1 0.47734375 0.37265625 0.0375 0.0234375
1 0.51875 0.3265625 0.034375 0.03125
1 0.36640625 0.315625 0.0265625 0.03125
1 0.5125 0.34453125 0.01875 0.0109375
1 0.6421875 0.82734375 0.065625 0.0390625
1 0.60546875 0.95390625 0.0265625 0.0234375
1 0.646875 0.7890625 0.025 0.028125
1 0.6703125 0.6875 0.028125 0.025
1 0.66328125 0.75078125 0.0390625 0.0359375
1 0.69140625 0.65625 0.0359375 0.040625
1 0.68828125 0.48515625 0.0375 0.0421875
1 0.78125 0.478125 0.05 0.0375
1 0.7421875 0.41953125 0.04375 0.05
1 0.45703125 0.8296875 0.0453125 0.034375
1 0.44453125 0.77890625 0.0453125 0.0390625
1 0.48203125 0.75390625 0.0265625 0.0296875
1 0.48203125 0.78203125 0.0265625 0.0296875
1 0.49765625 0.77890625 0.0171875 0.0234375
1 0.48046875 0.81328125 0.0421875 0.0296875
1 0.47421875 0.728125 0.0296875 0.028125
1 0.4453125 0.740625 0.025 0.028125
1 0.46171875 0.7546875 0.0171875 0.0125
1 0.453125 0.7203125 0.01875 0.015625
1 0.4453125 0.80703125 0.021875 0.0203125
1 0.3140625 0.11796875 0.028125 0.0296875
1 0.2109375 0.125 0.034375 0.025
1 0.33515625 0.0234375 0.0296875 0.028125
1 0.28203125 0.040625 0.0203125 0.025
1 0.271875 0.00703125 0.028125 0.0140625
1 0.2 0.05234375 0.028125 0.0203125
1 0.14765625 0.0078125 0.03125 0.015625
1 0.1703125 0.04453125 0.01875 0.0265625
1 0.19296875 0.065625 0.015625 0.0125
1 0.35546875 0.49765625 0.0296875 0.0328125
1 0.41328125 0.36328125 0.0328125 0.0484375