3 0.76640625 0.50234375 0.4671875 0.37578125
3 0.26484375 0.63359375 0.4734375 0.38203125
3 0.38984375 0.22265625 0.45625 0.36171875
1 0.359375 0.06953125 0.03203125 0.01796875
1 0.2828125 0.11875 0.0296875 0.01953125
1 0.315625 0.075 0.028125 0.01953125
1 0.46640625 0.08359375 0.02890625 0.02109375
1 0.4578125 0.17265625 0.025 0.02109375
1 0.55859375 0.209375 0.028125 0.02421875
1 0.4328125 0.22421875 0.02421875 0.02265625
1 0.371875 0.2375 0.0234375 0.0171875
1 0.40078125 0.15 0.028125 0.025
1 0.3234375 0.14921875 0.03203125 0.01796875
1 0.28828125 0.20703125 0.0203125 0.01796875
1 0.2453125 0.31171875 0.03046875 0.021875
1 0.40859375 0.3421875 0.03046875 0.0171875
1 0.48671875 0.32578125 0.02421875 0.0203125
1 0.51953125 0.27421875 0.02421875 0.01640625
1 0.58828125 0.22421875 0.01015625 0.01171875
1 0.5421875 0.2015625 0.0109375 0.01484375
1 0.56015625 0.28203125 0.01171875 0.02578125
1 0.4484375 0.1109375 0.028125 0.028125
1 0.48359375 0.109375 0.028125 0.021875
1 0.23515625 0.1328125 0.025 0.01171875
1 0.23046875 0.16328125 0.03359375 0.01953125
1 0.2421875 0.2421875 0.03359375 0.02421875
1 0.2140625 0.22265625 0.03125 0.021875
1 0.203125 0.2390625 0.02421875 0.01953125
1 0.546875 0.3125 0.02265625 0.01484375