3 0.33828125 0.68203125 0.6765625 0.6328125
3 0.16015625 0.5578125 0.2640625 0.346875
3 0.58984375 0.53359375 0.3046875 0.359375
3 0.37109375 0.58359375 0.2578125 0.3609375
3 0.84921875 0.3484375 0.3015625 0.296875
3 0.93984375 0.26953125 0.1203125 0.3421875
3 0.86875 0.5875 0.2625 0.2375
2 0.07890625 0.6921875 0.096875 0.08125
2 0.1640625 0.75703125 0.109375 0.1109375
2 0.18828125 0.5171875 0.1046875 0.078125
2 0.26484375 0.58203125 0.0203125 0.0765625
2 0.3171875 0.58046875 0.046875 0.0859375
2 0.43359375 0.52890625 0.0796875 0.0984375
2 0.3703125 0.66875 0.071875 0.1
2 0.52578125 0.5046875 0.0765625 0.0875
2 0.60625 0.5984375 0.0875 0.071875
2 0.4734375 0.665625 0.053125 0.06875
2 0.5578125 0.77421875 0.071875 0.0734375
2 0.41875 0.76953125 0.075 0.034375
2 0.40078125 0.83515625 0.0609375 0.0390625
2 0.0734375 0.6953125 0.0875 0.08125
2 0.08203125 0.89609375 0.0921875 0.1015625
2 0.29140625 0.90859375 0.0765625 0.10625
2 0.37109375 0.90078125 0.0640625 0.1
2 0.41015625 0.8359375 0.0671875 0.053125
2 0.42890625 0.771875 0.1015625 0.025
0 0.85859375 0.30390625 0.0984375 0.0734375
0 0.85234375 0.6453125 0.0546875 0.05
0 0.87890625 0.20234375 0.0359375 0.0625