3 0.41640625 0.5625 0.525 0.428125
3 0.0953125 0.7328125 0.190625 0.365625
1 0.590625 0.5296875 0.03125 0.028125
1 0.6140625 0.57734375 0.03125 0.0328125
1 0.58125 0.62578125 0.034375 0.0265625
1 0.55859375 0.69453125 0.025 0.0234375
1 0.5625 0.65625 0.028125 0.025
1 0.53828125 0.6046875 0.0265625 0.021875
1 0.50234375 0.6015625 0.0328125 0.021875
1 0.49609375 0.57109375 0.034375 0.0328125
1 0.4671875 0.5078125 0.05 0.03125
1 0.56171875 0.50546875 0.025 0.028125
1 0.50859375 0.47734375 0.0265625 0.0390625
1 0.4140625 0.46015625 0.0375 0.0328125
1 0.384375 0.54140625 0.01875 0.025
1 0.40546875 0.60234375 0.034375 0.0265625
1 0.503125 0.6953125 0.025 0.03125
1 0.43515625 0.70859375 0.0296875 0.0203125
1 0.37578125 0.62734375 0.0359375 0.03125
1 0.40234375 0.68125 0.03125 0.028125
1 0.39765625 0.703125 0.0203125 0.01875
1 0.3640625 0.6953125 0.021875 0.015625
1 0.31953125 0.65859375 0.0296875 0.0265625
1 0.3046875 0.70234375 0.0375 0.0296875
1 0.24140625 0.6296875 0.03125 0.028125
1 0.2890625 0.59140625 0.028125 0.03125
1 0.2375 0.5265625 0.028125 0.03125
1 0.26171875 0.553125 0.0234375 0.025
1 0.37265625 0.52265625 0.0234375 0.0375
1 0.3265625 0.48125 0.03125 0.034375
1 0.315625 0.63359375 0.03125 0.0265625
1 0.34453125 0.4875 0.0109375 0.01875
1 0.82734375 0.3578125 0.0390625 0.065625
1 0.95390625 0.39453125 0.0234375 0.0265625
1 0.7890625 0.353125 0.028125 0.025
1 0.6875 0.3296875 0.025 0.028125
1 0.75078125 0.33671875 0.0359375 0.0390625
1 0.65625 0.30859375 0.040625 0.0359375
1 0.48515625 0.31171875 0.0421875 0.0375
1 0.478125 0.21875 0.0375 0.05
1 0.41953125 0.2578125 0.05 0.04375
1 0.8296875 0.54296875 0.034375 0.0453125
1 0.77890625 0.55546875 0.0390625 0.0453125
1 0.75390625 0.51796875 0.0296875 0.0265625
1 0.78203125 0.51796875 0.0296875 0.0265625
1 0.77890625 0.50234375 0.0234375 0.0171875
1 0.81328125 0.51953125 0.0296875 0.0421875
1 0.728125 0.52578125 0.028125 0.0296875
1 0.740625 0.5546875 0.028125 0.025
1 0.7546875 0.53828125 0.0125 0.0171875
1 0.7203125 0.546875 0.015625 0.01875
1 0.80703125 0.5546875 0.0203125 0.021875
1 0.11796875 0.6859375 0.0296875 0.028125
1 0.125 0.7890625 0.025 0.034375
1 0.0234375 0.66484375 0.028125 0.0296875
1 0.040625 0.71796875 0.025 0.0203125
1 0.00703125 0.728125 0.0140625 0.028125
1 0.05234375 0.8 0.0203125 0.028125
1 0.0078125 0.85234375 0.015625 0.03125
1 0.04453125 0.8296875 0.0265625 0.01875
1 0.065625 0.80703125 0.0125 0.015625
1 0.49765625 0.64453125 0.0328125 0.0296875
1 0.36328125 0.58671875 0.0484375 0.0328125