3 0.6 0.42578125 0.35625 0.559375
2 0.49296875 0.4015625 0.0671875 0.075
2 0.584375 0.46328125 0.065625 0.0859375
2 0.60234375 0.2875 0.065625 0.06875
2 0.65234375 0.36875 0.0640625 0.0625
2 0.7078125 0.24765625 0.059375 0.08125
2 0.80625 0.31640625 0.059375 0.0796875
2 0.74921875 0.3625 0.0609375 0.0625
2 0.83359375 0.41328125 0.0671875 0.0640625
2 0.8703125 0.5078125 0.059375 0.078125
2 0.81328125 0.56640625 0.071875 0.0734375
2 0.6796875 0.55859375 0.0625 0.0640625
2 0.6421875 0.44609375 0.028125 0.0421875
3 0.8046875 0.41171875 0.321875 0.5484375