3 0.3015625 0.43203125 0.546875 0.8640625
3 0.5078125 0.5640625 0.34375 0.375
1 0.31171875 0.13984375 0.0328125 0.053125
1 0.196875 0.025 0.0375 0.05
1 0.2203125 0.08671875 0.01875 0.0421875
1 0.24296875 0.1078125 0.015625 0.0375
1 0.2453125 0.21796875 0.03125 0.0546875
1 0.14296875 0.29375 0.03125 0.05
1 0.184375 0.33984375 0.040625 0.0390625
1 0.171875 0.57265625 0.0375 0.0546875
1 0.16015625 0.51640625 0.0265625 0.0265625
1 0.12890625 0.4671875 0.0203125 0.025
1 0.303125 0.5359375 0.034375 0.059375
1 0.33046875 0.68046875 0.0234375 0.0453125
1 0.31640625 0.75 0.0234375 0.05625
1 0.4953125 0.41875 0.040625 0.05
1 0.4078125 0.4828125 0.04375 0.0375
1 0.3578125 0.4765625 0.034375 0.053125
1 0.34921875 0.40234375 0.0265625 0.0484375
1 0.3453125 0.21328125 0.021875 0.0625
1 0.46328125 0.165625 0.0375 0.05625
1 0.46796875 0.22109375 0.015625 0.028125
1 0.4359375 0.2890625 0.028125 0.053125
0 0.196875 0.61796875 0.05 0.0765625
0 0.35703125 0.6421875 0.0453125 0.096875
0 0.44140625 0.33671875 0.0390625 0.053125
0 0.48515625 0.371875 0.0203125 0.028125
0 0.321875 0.12890625 0.0375 0.0515625