3 0.3953125 0.6046875 0.778125 0.790625
0 0.59453125 0.5390625 0.121875 0.2375
0 0.42421875 0.90390625 0.18125 0.1703125
0 0.64140625 0.82109375 0.0359375 0.0375
0 0.37265625 0.67578125 0.2015625 0.1140625
0 0.23046875 0.48515625 0.1859375 0.1328125
0 0.125 0.76796875 0.0625 0.1046875
0 0.11953125 0.66875 0.0765625 0.1
2 0.29375 0.7796875 0.08125 0.0796875
2 0.5078125 0.70234375 0.115625 0.0984375
2 0.6578125 0.61328125 0.071875 0.0875
2 0.30625 0.45078125 0.059375 0.075
2 0.215625 0.59296875 0.0875 0.0546875
2 0.084375 0.6390625 0.04375 0.096875
2 0.1375 0.603125 0.05 0.025
2 0.15703125 0.809375 0.0640625 0.05
2 0.20859375 0.9484375 0.0234375 0.034375
2 0.36875 0.940625 0.071875 0.090625
0 0.43359375 0.4515625 0.0625 0.04375
0 0.3484375 0.35546875 0.078125 0.0296875
0 0.22734375 0.64296875 0.0359375 0.0296875
0 0.2828125 0.5546875 0.021875 0.025
0 0.2484375 0.94453125 0.065625 0.075