3 0.3953125 0.3953125 0.790625 0.77734375
0 0.4609375 0.59453125 0.23671875 0.121875
0 0.09609375 0.42421875 0.1703125 0.18125
0 0.17890625 0.64140625 0.0375 0.03515625
0 0.32421875 0.37265625 0.11328125 0.20078125
0 0.51484375 0.23046875 0.13203125 0.1859375
0 0.23203125 0.125 0.10546875 0.0625
0 0.33125 0.11953125 0.0984375 0.07734375
2 0.2203125 0.29375 0.0796875 0.0828125
2 0.29765625 0.5078125 0.09765625 0.1140625
2 0.38671875 0.6578125 0.0875 0.07109375
2 0.54921875 0.30625 0.075 0.05859375
2 0.40703125 0.215625 0.0546875 0.08671875
2 0.3609375 0.084375 0.09609375 0.0421875
2 0.396875 0.1375 0.0265625 0.0484375
2 0.190625 0.15703125 0.04921875 0.06484375
2 0.0515625 0.20859375 0.03359375 0.02421875
2 0.059375 0.36875 0.08984375 0.07109375
0 0.5484375 0.43359375 0.04296875 0.0625
0 0.64453125 0.3484375 0.03046875 0.07890625
0 0.35703125 0.22734375 0.02890625 0.03515625
0 0.4453125 0.2828125 0.02421875 0.02109375
0 0.05546875 0.2484375 0.075 0.06640625