3 0.43203125 0.6984375 0.8640625 0.546875
3 0.5640625 0.4921875 0.375 0.34375
1 0.13984375 0.68828125 0.053125 0.0328125
1 0.025 0.803125 0.05 0.0375
1 0.08671875 0.7796875 0.0421875 0.01875
1 0.1078125 0.75703125 0.0375 0.015625
1 0.21796875 0.7546875 0.0546875 0.03125
1 0.29375 0.85703125 0.05 0.03125
1 0.33984375 0.815625 0.0390625 0.040625
1 0.57265625 0.828125 0.0546875 0.0375
1 0.51640625 0.83984375 0.0265625 0.0265625
1 0.4671875 0.87109375 0.025 0.0203125
1 0.5359375 0.696875 0.059375 0.034375
1 0.68046875 0.66953125 0.0453125 0.0234375
1 0.75 0.68359375 0.05625 0.0234375
1 0.41875 0.5046875 0.05 0.040625
1 0.4828125 0.5921875 0.0375 0.04375
1 0.4765625 0.6421875 0.053125 0.034375
1 0.40234375 0.65078125 0.0484375 0.0265625
1 0.21328125 0.6546875 0.0625 0.021875
1 0.165625 0.53671875 0.05625 0.0375
1 0.22109375 0.53203125 0.028125 0.015625
1 0.2890625 0.5640625 0.053125 0.028125
0 0.61796875 0.803125 0.0765625 0.05
0 0.6421875 0.64296875 0.096875 0.0453125
0 0.33671875 0.55859375 0.053125 0.0390625
0 0.371875 0.51484375 0.028125 0.0203125
0 0.12890625 0.678125 0.0515625 0.0375