3 0.6046875 0.3953125 0.778125 0.790625
0 0.40546875 0.4609375 0.121875 0.2375
0 0.57578125 0.09609375 0.18125 0.1703125
0 0.35859375 0.17890625 0.0359375 0.0375
0 0.62734375 0.32421875 0.2015625 0.1140625
0 0.76953125 0.51484375 0.1859375 0.1328125
0 0.875 0.23203125 0.0625 0.1046875
0 0.88046875 0.33125 0.0765625 0.1
2 0.70625 0.2203125 0.08125 0.078125
2 0.4921875 0.29765625 0.115625 0.0984375
2 0.3421875 0.38671875 0.071875 0.0875
2 0.69375 0.54921875 0.059375 0.075
2 0.784375 0.40703125 0.0875 0.0546875
2 0.915625 0.3609375 0.04375 0.096875
2 0.8625 0.396875 0.05 0.025
2 0.84296875 0.190625 0.0640625 0.05
2 0.79140625 0.0515625 0.0234375 0.034375
2 0.63125 0.059375 0.071875 0.090625
0 0.56640625 0.5484375 0.0625 0.04375
0 0.6515625 0.64453125 0.078125 0.0296875
0 0.77265625 0.35703125 0.0359375 0.0296875
0 0.7171875 0.4453125 0.021875 0.025
0 0.7515625 0.05546875 0.065625 0.075