3 0.4515625 0.496875 0.553125 0.85
0 0.87421875 0.659375 0.15 0.203125
0 0.7515625 0.86640625 0.125 0.2671875
0 0.721875 0.52421875 0.090625 0.1375
0 0.08125 0.6328125 0.1625 0.15625
0 0.13203125 0.859375 0.0890625 0.1
0 0.175 0.28203125 0.13125 0.1046875
0 0.109375 0.14140625 0.21875 0.2828125
0 0.59375 0.5125 0.103125 0.25
0 0.34296875 0.5390625 0.1703125 0.16875
0 0.453125 0.27890625 0.06875 0.0953125
1 0.51640625 0.7203125 0.0359375 0.046875
1 0.4921875 0.5671875 0.0375 0.0625
1 0.64453125 0.34453125 0.0453125 0.04375
1 0.496875 0.29375 0.040625 0.059375
1 0.42890625 0.42421875 0.0390625 0.0515625
1 0.3171875 0.55078125 0.046875 0.0515625
1 0.265625 0.55078125 0.046875 0.0546875
1 0.29453125 0.73359375 0.0453125 0.0671875