3 0.640625 0.49140625 0.625 0.9296875
1 0.85703125 0.5625 0.034375 0.04375
1 0.86796875 0.69921875 0.03125 0.0609375
1 0.83671875 0.5390625 0.0328125 0.040625
1 0.74453125 0.57578125 0.0328125 0.0328125
1 0.66171875 0.85390625 0.053125 0.0421875
1 0.57421875 0.73046875 0.034375 0.0421875
1 0.48515625 0.71875 0.0328125 0.046875
1 0.459375 0.565625 0.0375 0.05625
1 0.38515625 0.4921875 0.0359375 0.04375
1 0.53671875 0.490625 0.034375 0.05625
1 0.61875 0.5390625 0.03125 0.046875
1 0.71015625 0.51171875 0.0265625 0.046875
1 0.69609375 0.8390625 0.0171875 0.034375
1 0.6890625 0.53046875 0.01875 0.0359375
1 0.7703125 0.3125 0.04375 0.05
1 0.68671875 0.253125 0.0296875 0.053125
1 0.63125 0.284375 0.034375 0.05625
1 0.515625 0.25390625 0.03125 0.0515625
1 0.56953125 0.1296875 0.0296875 0.040625
1 0.54296875 0.6203125 0.0359375 0.03125