3 0.5484375 0.503125 0.55234375 0.8484375
0 0.12578125 0.340625 0.15 0.203125
0 0.2484375 0.13359375 0.12578125 0.2671875
0 0.278125 0.47578125 0.08984375 0.1375
0 0.91875 0.3671875 0.1625 0.15625
0 0.86796875 0.140625 0.0890625 0.0984375
0 0.825 0.71796875 0.13203125 0.10546875
0 0.890625 0.85859375 0.21875 0.28203125
0 0.40625 0.4875 0.10390625 0.25078125
0 0.65703125 0.4609375 0.16953125 0.16796875
0 0.546875 0.72109375 0.0703125 0.09609375
1 0.48359375 0.2796875 0.03671875 0.04765625
1 0.5078125 0.4328125 0.03671875 0.06171875
1 0.35546875 0.65546875 0.0453125 0.04375
1 0.503125 0.70625 0.03984375 0.05859375
1 0.57109375 0.57578125 0.03984375 0.05234375
1 0.6828125 0.44921875 0.0453125 0.05078125
1 0.734375 0.44921875 0.04765625 0.0546875
1 0.70546875 0.26640625 0.0453125 0.06640625