3 0.503125 0.4515625 0.85 0.553125
0 0.340625 0.87421875 0.203125 0.15
0 0.13359375 0.7515625 0.2671875 0.125
0 0.47578125 0.721875 0.1375 0.090625
0 0.3671875 0.08125 0.15625 0.1625
0 0.140625 0.13203125 0.1 0.0890625
0 0.71796875 0.175 0.1046875 0.13125
0 0.85859375 0.109375 0.2828125 0.21875
0 0.4875 0.59375 0.25 0.103125
0 0.4609375 0.34296875 0.16875 0.1703125
0 0.72109375 0.453125 0.0953125 0.06875
1 0.2796875 0.51640625 0.046875 0.0359375
1 0.4328125 0.4921875 0.0625 0.0375
1 0.65546875 0.64453125 0.04375 0.0453125
1 0.70625 0.496875 0.059375 0.040625
1 0.57578125 0.42890625 0.0515625 0.0390625
1 0.44921875 0.3171875 0.0515625 0.046875
1 0.44921875 0.265625 0.0546875 0.046875
1 0.26640625 0.29453125 0.0671875 0.0453125