1 0.55859375 0.72890625 0.02578125 0.02421875
1 0.53359375 0.778125 0.02890625 0.02421875
1 0.6421875 0.7 0.02890625 0.025
1 0.64921875 0.76171875 0.01796875 0.02421875
1 0.72421875 0.734375 0.0171875 0.02265625
1 0.740625 0.78125 0.025 0.028125
1 0.75078125 0.68984375 0.0265625 0.0234375
0 0.7046875 0.67109375 0.08515625 0.05
0 0.6515625 0.728125 0.0359375 0.0578125
0 0.60546875 0.77578125 0.0828125 0.03828125
0 0.77109375 0.7609375 0.04765625 0.0609375
0 0.54296875 0.69765625 0.04765625 0.06640625
0 0.21640625 0.74765625 0.17734375 0.090625
0 0.05625 0.83125 0.11171875 0.07421875
0 0.175 0.74921875 0.26484375 0.09375
3 0.65078125 0.74765625 0.45078125 0.2296875