1 0.44140625 0.27109375 0.0265625 0.0234375
1 0.46640625 0.221875 0.0296875 0.025
1 0.3578125 0.3 0.028125 0.025
1 0.35078125 0.23828125 0.0171875 0.0234375
1 0.27578125 0.265625 0.0171875 0.021875
1 0.259375 0.21875 0.025 0.028125
1 0.24921875 0.31015625 0.0265625 0.0234375
0 0.2953125 0.32890625 0.084375 0.05
0 0.3484375 0.271875 0.034375 0.05625
0 0.39453125 0.22421875 0.0828125 0.0390625
0 0.22890625 0.2390625 0.0484375 0.059375
0 0.45703125 0.30234375 0.0484375 0.0671875
0 0.78359375 0.25234375 0.1765625 0.090625
0 0.94375 0.16875 0.1125 0.075
0 0.825 0.25078125 0.265625 0.09375
3 0.34921875 0.25234375 0.4515625 0.2296875