3 0.52265625 0.57421875 0.8703125 0.4984375
2 0.27890625 0.46640625 0.146875 0.0859375
2 0.24296875 0.5484375 0.1609375 0.078125
2 0.31015625 0.634375 0.15625 0.090625
2 0.4703125 0.58359375 0.15 0.1
2 0.44609375 0.69375 0.1703125 0.096875
2 0.63984375 0.6828125 0.1671875 0.090625
2 0.7703125 0.61015625 0.15625 0.0890625
2 0.79921875 0.51640625 0.15625 0.0734375
2 0.6328125 0.53359375 0.153125 0.0640625
2 0.7234375 0.4375 0.1375 0.06875
2 0.5765625 0.4078125 0.140625 0.06875
2 0.4125 0.42109375 0.1375 0.075
2 0.484375 0.4953125 0.15 0.065625