3 0.359375 0.50859375 0.62421875 0.9296875
1 0.14296875 0.4375 0.034375 0.0453125
1 0.13203125 0.30078125 0.03125 0.06015625
1 0.16328125 0.4609375 0.0328125 0.03984375
1 0.25546875 0.42421875 0.03203125 0.03203125
1 0.33828125 0.14609375 0.053125 0.0421875
1 0.42578125 0.26953125 0.034375 0.04140625
1 0.51484375 0.28125 0.03203125 0.046875
1 0.540625 0.434375 0.03828125 0.05703125
1 0.61484375 0.5078125 0.0359375 0.04296875
1 0.46328125 0.509375 0.034375 0.0578125
1 0.38125 0.4609375 0.03203125 0.0453125
1 0.28984375 0.48828125 0.0265625 0.046875
1 0.30390625 0.1609375 0.0171875 0.0328125
1 0.3109375 0.46953125 0.01953125 0.0359375
1 0.2296875 0.6875 0.04375 0.04921875
1 0.31328125 0.746875 0.03046875 0.053125
1 0.36875 0.715625 0.03359375 0.05625
1 0.484375 0.74609375 0.0296875 0.0515625
1 0.43046875 0.8703125 0.02890625 0.0390625
1 0.45703125 0.3796875 0.0359375 0.03046875