3 0.52265625 0.57421875 0.8703125 0.4984375
2 0.27890625 0.46640625 0.146875 0.08671875
2 0.24296875 0.5484375 0.1609375 0.0765625
2 0.31015625 0.634375 0.15625 0.08984375
2 0.4703125 0.58359375 0.14921875 0.1
2 0.44609375 0.69375 0.16953125 0.09765625
2 0.63984375 0.6828125 0.16640625 0.08984375
2 0.7703125 0.61015625 0.15546875 0.0890625
2 0.79921875 0.51640625 0.15625 0.07265625
2 0.6328125 0.53359375 0.1546875 0.06328125
2 0.7234375 0.4375 0.13828125 0.06953125
2 0.5765625 0.4078125 0.1421875 0.06875
2 0.4125 0.42109375 0.1390625 0.075
2 0.484375 0.4953125 0.1515625 0.0671875