3 0.57421875 0.47734375 0.4984375 0.8703125
2 0.46640625 0.72109375 0.0859375 0.146875
2 0.5484375 0.75703125 0.078125 0.1609375
2 0.634375 0.68984375 0.090625 0.15625
2 0.58359375 0.5296875 0.1 0.15
2 0.69375 0.55390625 0.096875 0.1703125
2 0.6828125 0.36015625 0.090625 0.1671875
2 0.61015625 0.2296875 0.0890625 0.15625
2 0.51640625 0.20078125 0.0734375 0.15625
2 0.53359375 0.3671875 0.0640625 0.153125
2 0.4375 0.2765625 0.06875 0.1375
2 0.4078125 0.4234375 0.06875 0.140625
2 0.42109375 0.5875 0.075 0.1375
2 0.4953125 0.515625 0.065625 0.15