3 0.50859375 0.640625 0.9296875 0.625
1 0.4375 0.85703125 0.04375 0.034375
1 0.30078125 0.86796875 0.0609375 0.03125
1 0.4609375 0.83671875 0.040625 0.0328125
1 0.42421875 0.74453125 0.0328125 0.0328125
1 0.14609375 0.66171875 0.0421875 0.053125
1 0.26953125 0.57421875 0.0421875 0.034375
1 0.28125 0.48515625 0.046875 0.0328125
1 0.434375 0.459375 0.05625 0.0375
1 0.5078125 0.38515625 0.04375 0.0359375
1 0.509375 0.53671875 0.05625 0.034375
1 0.4609375 0.61875 0.046875 0.03125
1 0.48828125 0.71015625 0.046875 0.0265625
1 0.1609375 0.69609375 0.034375 0.0171875
1 0.46953125 0.6890625 0.0359375 0.01875
1 0.6875 0.7703125 0.05 0.04375
1 0.746875 0.68671875 0.053125 0.0296875
1 0.715625 0.63125 0.05625 0.034375
1 0.74609375 0.515625 0.0515625 0.03125
1 0.8703125 0.56953125 0.040625 0.0296875
1 0.3796875 0.54296875 0.03125 0.0359375