1 0.72890625 0.44140625 0.0234375 0.0265625
1 0.778125 0.46640625 0.025 0.0296875
1 0.7 0.3578125 0.025 0.028125
1 0.76171875 0.35078125 0.0234375 0.0171875
1 0.734375 0.27578125 0.021875 0.0171875
1 0.78125 0.259375 0.028125 0.025
1 0.68984375 0.24921875 0.0234375 0.0265625
0 0.67109375 0.2953125 0.05 0.084375
0 0.728125 0.3484375 0.05625 0.034375
0 0.77578125 0.39453125 0.0390625 0.0828125
0 0.7609375 0.22890625 0.059375 0.0484375
0 0.69765625 0.45703125 0.0671875 0.0484375
0 0.74765625 0.78359375 0.090625 0.1765625
0 0.83125 0.94375 0.075 0.1125
0 0.74921875 0.825 0.09375 0.265625
3 0.74765625 0.34921875 0.2296875 0.4515625