3 0.7625 0.5 0.47421875 1
2 0.67890625 0.57265625 0.1359375 0.2359375
2 0.7109375 0.27890625 0.1171875 0.203125
2 0.7984375 0.778125 0.1140625 0.2109375
2 0.94140625 0.7828125 0.11640625 0.2015625
2 0.8125 0.07734375 0.12421875 0.1546875
2 0.9390625 0.02421875 0.03671875 0.0484375
1 0.71171875 0.78203125 0.03203125 0.0421875
1 0.8640625 0.90234375 0.03515625 0.0578125
1 0.73984375 0.14765625 0.0171875 0.040625
0 0.75859375 0.40859375 0.0875 0.153125
0 0.76796875 0.19765625 0.059375 0.1640625
0 0.84140625 0.3453125 0.06484375 0.19765625
0 0.89453125 0.40234375 0.0265625 0.103125
0 0.903125 0.309375 0.01015625 0.03671875
0 0.96875 0.14921875 0.0625 0.10859375
0 0.93515625 0.73046875 0.09140625 0.33203125
0 0.83125 0.73671875 0.1375 0.14453125
0 0.82734375 0.534375 0.0875 0.09765625
0 0.765625 0.41015625 0.109375 0.1515625
0 0.75234375 0.5390625 0.021875 0.09765625
0 0.92109375 0.30703125 0.0109375 0.03671875
0 0.9515625 0.18671875 0.021875 0.04375