3 0.5 0.2375 1 0.475
2 0.57265625 0.32109375 0.2359375 0.1359375
2 0.27890625 0.2890625 0.203125 0.115625
2 0.778125 0.2015625 0.2125 0.115625
2 0.7828125 0.05859375 0.203125 0.1171875
2 0.07734375 0.1875 0.1546875 0.125
2 0.02421875 0.0609375 0.0484375 0.0375
1 0.78203125 0.28828125 0.0421875 0.0328125
1 0.90234375 0.1359375 0.0578125 0.034375
1 0.14765625 0.26015625 0.040625 0.0171875
0 0.40859375 0.24140625 0.153125 0.0875
0 0.19765625 0.23203125 0.1640625 0.059375
0 0.3453125 0.15859375 0.196875 0.0640625
0 0.40234375 0.10546875 0.103125 0.0265625
0 0.309375 0.096875 0.0375 0.009375
0 0.14921875 0.03125 0.1078125 0.0625
0 0.73046875 0.06484375 0.3328125 0.0921875
0 0.73671875 0.16875 0.1453125 0.1375
0 0.534375 0.17265625 0.096875 0.0875
0 0.41015625 0.234375 0.1515625 0.109375
0 0.5390625 0.24765625 0.096875 0.021875
0 0.30703125 0.07890625 0.0359375 0.0109375
0 0.18671875 0.0484375 0.04375 0.021875