3 0.2375 0.5 0.475 1
2 0.32109375 0.42734375 0.1359375 0.2359375
2 0.2890625 0.72109375 0.1171875 0.203125
2 0.2015625 0.221875 0.115625 0.2125
2 0.05859375 0.2171875 0.1171875 0.203125
2 0.1875 0.92265625 0.125 0.1546875
2 0.0609375 0.97578125 0.0375 0.0484375
1 0.28828125 0.21796875 0.0328125 0.0421875
1 0.1359375 0.09765625 0.034375 0.0578125
1 0.26015625 0.85234375 0.0171875 0.040625
0 0.24140625 0.59140625 0.0875 0.153125
0 0.23203125 0.80234375 0.059375 0.1640625
0 0.15859375 0.6546875 0.0640625 0.196875
0 0.10546875 0.59765625 0.0265625 0.103125
0 0.096875 0.690625 0.009375 0.0375
0 0.03125 0.85078125 0.0625 0.1078125
0 0.06484375 0.26953125 0.0921875 0.3328125
0 0.16875 0.26328125 0.1375 0.1453125
0 0.17265625 0.465625 0.0875 0.096875
0 0.234375 0.58984375 0.109375 0.1515625
0 0.24765625 0.4609375 0.021875 0.096875
0 0.07890625 0.69296875 0.0109375 0.0359375
0 0.0484375 0.81328125 0.021875 0.04375