1 0.146875 0.13671875 0.0234375 0.0421875
1 0.00546875 0.08046875 0.0109375 0.0546875
1 0.21171875 0.74921875 0.0390625 0.0453125
1 0.78984375 0.70859375 0.03671875 0.05625
1 0.34375 0.29140625 0.03515625 0.0421875
1 0.6578125 0.72734375 0.0453125 0.07109375
1 0.43203125 0.79375 0.03671875 0.05390625
1 0.565625 0.7 0.0375 0.0578125
1 0.54296875 0.5609375 0.0359375 0.04609375
1 0.434375 0.65078125 0.028125 0.03984375
1 0.3203125 0.665625 0.02890625 0.03828125
1 0.390625 0.4875 0.03671875 0.0546875
1 0.3203125 0.534375 0.03515625 0.05234375
1 0.48046875 0.27734375 0.028125 0.046875
1 0.503125 0.14921875 0.0328125 0.04921875
1 0.5921875 0.3375 0.040625 0.040625
1 0.56015625 0.4171875 0.0328125 0.03671875
1 0.665625 0.26640625 0.0359375 0.05390625
1 0.5609375 0.45 0.03515625 0.04140625
1 0.71640625 0.44296875 0.0296875 0.05078125
1 0.646875 0.59453125 0.034375 0.0375
1 0.8625 0.54765625 0.03984375 0.0671875
1 0.8765625 0.7453125 0.03046875 0.0328125
1 0.9140625 0.75234375 0.02734375 0.04296875
1 0.9640625 0.7109375 0.0265625 0.04921875
1 0.925 0.10078125 0.03984375 0.06328125
3 0.51640625 0.49296875 0.5703125 0.86484375
2 0.65859375 0.2796875 0.06953125 0.11484375
2 0.575 0.44296875 0.07734375 0.13046875
2 0.440625 0.50859375 0.0765625 0.10546875
2 0.31328125 0.36484375 0.08046875 0.109375
2 0.7140625 0.5890625 0.07421875 0.10390625
2 0.57734375 0.78671875 0.078125 0.1078125
2 0.36484375 0.6828125 0.08125 0.12578125
2 0.48671875 0.17109375 0.078125 0.09921875