3 0.3328125 0.74296875 0.2171875 0.13046875
1 0.3328125 0.75546875 0.01015625 0.0140625
1 0.2578125 0.75625 0.0171875 0.015625
1 0.30390625 0.69765625 0.00859375 0.01171875
1 0.28125 0.71953125 0.01171875 0.01015625
1 0.3015625 0.77734375 0.0171875 0.02890625
1 0.2671875 0.79375 0.0125 0.0203125
1 0.2796875 0.74296875 0.015625 0.009375
1 0.24453125 0.725 0.009375 0.01171875
1 0.30625 0.7109375 0.0125 0.01875
1 0.26875 0.6953125 0.00859375 0.01015625
1 0.30390625 0.75078125 0.00703125 0.009375
1 0.30390625 0.734375 0.01171875 0.009375
1 0.3796875 0.71171875 0.01171875 0.01328125
1 0.3828125 0.6921875 0.01015625 0.009375
1 0.35625 0.69765625 0.01171875 0.01015625
1 0.33828125 0.70078125 0.009375 0.01171875
1 0.359375 0.721875 0.01015625 0.015625
1 0.35390625 0.740625 0.01171875 0.009375
1 0.334375 0.73046875 0.0109375 0.01015625
1 0.3890625 0.73515625 0.01015625 0.01328125
1 0.396875 0.75546875 0.00859375 0.0140625
1 0.41484375 0.721875 0.01796875 0.02109375
1 0.36953125 0.78984375 0.0140625 0.0125
1 0.36328125 0.77109375 0.0140625 0.0125