1 0.86328125 0.146875 0.0421875 0.025
1 0.91953125 0.00546875 0.0546875 0.0109375
1 0.25078125 0.21171875 0.0453125 0.0390625
1 0.29140625 0.78984375 0.05625 0.0359375
1 0.70859375 0.34375 0.0421875 0.034375
1 0.27265625 0.6578125 0.0703125 0.046875
1 0.20625 0.43203125 0.053125 0.0359375
1 0.3 0.565625 0.05625 0.0375
1 0.4390625 0.54296875 0.046875 0.0359375
1 0.34921875 0.434375 0.0390625 0.028125
1 0.334375 0.3203125 0.0375 0.028125
1 0.5125 0.390625 0.05625 0.0375
1 0.465625 0.3203125 0.053125 0.034375
1 0.72265625 0.48046875 0.046875 0.028125
1 0.85078125 0.503125 0.0484375 0.03125
1 0.6625 0.5921875 0.040625 0.040625
1 0.5828125 0.56015625 0.0375 0.0328125
1 0.73359375 0.665625 0.0546875 0.0375
1 0.55 0.5609375 0.040625 0.034375
1 0.55703125 0.71640625 0.0515625 0.0296875
1 0.40546875 0.646875 0.0375 0.034375
1 0.45234375 0.8625 0.0671875 0.040625
1 0.2546875 0.8765625 0.034375 0.03125
1 0.24765625 0.9140625 0.0421875 0.028125
1 0.2890625 0.9640625 0.05 0.028125
1 0.89921875 0.925 0.0640625 0.040625
3 0.50703125 0.51640625 0.8640625 0.5703125
2 0.7203125 0.65859375 0.115625 0.0703125
2 0.55703125 0.575 0.1296875 0.078125
2 0.49140625 0.440625 0.1046875 0.075
2 0.63515625 0.31328125 0.109375 0.0796875
2 0.4109375 0.7140625 0.103125 0.075
2 0.21328125 0.57734375 0.1078125 0.078125
2 0.3171875 0.36484375 0.125 0.08125
2 0.82890625 0.48671875 0.0984375 0.078125