3 0.25703125 0.3328125 0.1296875 0.215625
1 0.24453125 0.3328125 0.0140625 0.009375
1 0.24375 0.2578125 0.015625 0.015625
1 0.30234375 0.30390625 0.0109375 0.0078125
1 0.28046875 0.28125 0.0109375 0.0125
1 0.22265625 0.3015625 0.0296875 0.015625
1 0.20625 0.2671875 0.01875 0.0125
1 0.25703125 0.2796875 0.009375 0.015625
1 0.275 0.24453125 0.0125 0.009375
1 0.2890625 0.30625 0.01875 0.0125
1 0.3046875 0.26875 0.009375 0.009375
1 0.24921875 0.30390625 0.009375 0.0078125
1 0.265625 0.30390625 0.009375 0.0109375
1 0.28828125 0.3796875 0.0140625 0.0125
1 0.3078125 0.3828125 0.009375 0.009375
1 0.30234375 0.35625 0.0109375 0.0125
1 0.29921875 0.33828125 0.0109375 0.009375
1 0.278125 0.359375 0.015625 0.009375
1 0.259375 0.35390625 0.009375 0.0109375
1 0.26953125 0.334375 0.0109375 0.0125
1 0.26484375 0.3890625 0.0140625 0.009375
1 0.24453125 0.396875 0.0140625 0.009375
1 0.278125 0.41484375 0.021875 0.0171875
1 0.21015625 0.36953125 0.0125 0.0140625
1 0.22890625 0.36328125 0.0125 0.0140625