1 0.13671875 0.853125 0.0421875 0.025
1 0.08046875 0.99453125 0.0546875 0.0109375
1 0.74921875 0.78828125 0.0453125 0.0390625
1 0.70859375 0.21015625 0.05625 0.0359375
1 0.29140625 0.65625 0.0421875 0.034375
1 0.72734375 0.3421875 0.0703125 0.046875
1 0.79375 0.56796875 0.053125 0.0359375
1 0.7 0.434375 0.05625 0.0375
1 0.5609375 0.45703125 0.046875 0.0359375
1 0.65078125 0.565625 0.0390625 0.028125
1 0.665625 0.6796875 0.0375 0.028125
1 0.4875 0.609375 0.05625 0.0375
1 0.534375 0.6796875 0.053125 0.034375
1 0.27734375 0.51953125 0.046875 0.028125
1 0.14921875 0.496875 0.0484375 0.03125
1 0.3375 0.4078125 0.040625 0.040625
1 0.4171875 0.43984375 0.0375 0.0328125
1 0.26640625 0.334375 0.0546875 0.0375
1 0.45 0.4390625 0.040625 0.034375
1 0.44296875 0.28359375 0.0515625 0.0296875
1 0.59453125 0.353125 0.0375 0.034375
1 0.54765625 0.1375 0.0671875 0.040625
1 0.7453125 0.1234375 0.034375 0.03125
1 0.75234375 0.0859375 0.0421875 0.028125
1 0.7109375 0.0359375 0.05 0.028125
1 0.10078125 0.075 0.0640625 0.040625
3 0.49296875 0.48359375 0.8640625 0.5703125
2 0.2796875 0.34140625 0.115625 0.0703125
2 0.44296875 0.425 0.1296875 0.078125
2 0.50859375 0.559375 0.1046875 0.075
2 0.36484375 0.68671875 0.109375 0.0796875
2 0.5890625 0.2859375 0.103125 0.075
2 0.78671875 0.42265625 0.1078125 0.078125
2 0.6828125 0.63515625 0.125 0.08125
2 0.17109375 0.51328125 0.0984375 0.078125