3 0.2578125 0.46171875 0.4 0.5546875
3 0.73515625 0.4734375 0.4015625 0.5625
2 0.1234375 0.36484375 0.075 0.0765625
2 0.121875 0.534375 0.071875 0.065625
2 0.18203125 0.66171875 0.0546875 0.1078125
2 0.321875 0.6515625 0.040625 0.128125
2 0.21484375 0.47734375 0.0359375 0.0765625
2 0.24375 0.25234375 0.025 0.0875
2 0.28203125 0.3359375 0.0453125 0.078125
2 0.36171875 0.290625 0.0421875 0.075
2 0.3203125 0.559375 0.028125 0.05625
2 0.36171875 0.48828125 0.0734375 0.0390625
2 0.4109375 0.42734375 0.034375 0.0515625
2 0.20078125 0.3515625 0.040625 0.084375
2 0.1328125 0.59453125 0.028125 0.0625
2 0.0921875 0.43515625 0.034375 0.05625
2 0.17578125 0.30390625 0.0421875 0.0546875
2 0.2375 0.6828125 0.0375 0.046875
2 0.36328125 0.6203125 0.046875 0.0625
2 0.415625 0.4890625 0.05 0.059375
2 0.39296875 0.34140625 0.0453125 0.0671875
2 0.303125 0.2625 0.040625 0.065625
2 0.2421875 0.421875 0.059375 0.046875
0 0.3171875 0.896875 0.046875 0.08125
0 0.34375 0.78671875 0.046875 0.0703125
0 0.4 0.8359375 0.05 0.090625
1 0.49296875 0.88203125 0.0296875 0.034375
1 0.63984375 0.8546875 0.0234375 0.04375
1 0.6125 0.18671875 0.028125 0.0359375
1 0.68828125 0.14140625 0.0203125 0.0375
1 0.690625 0.08125 0.025 0.053125
1 0.8203125 0.63046875 0.028125 0.0453125
1 0.86484375 0.5359375 0.01875 0.034375
1 0.88203125 0.48515625 0.0203125 0.0328125
1 0.89609375 0.50859375 0.025 0.0296875
1 0.85234375 0.41171875 0.0234375 0.0484375
1 0.78515625 0.38984375 0.0203125 0.0328125
1 0.809375 0.41796875 0.025 0.028125
1 0.78046875 0.346875 0.0203125 0.04375
1 0.7375 0.3546875 0.03125 0.034375
1 0.678125 0.2953125 0.025 0.028125
1 0.7140625 0.27734375 0.025 0.0265625
1 0.6328125 0.3453125 0.01875 0.025
1 0.615625 0.43828125 0.021875 0.0515625
1 0.6234375 0.62734375 0.01875 0.0484375
1 0.6171875 0.5515625 0.03125 0.021875
1 0.7 0.6609375 0.025 0.028125
1 0.76015625 0.63125 0.025 0.03125
1 0.76953125 0.659375 0.01875 0.028125
1 0.90703125 0.39921875 0.0109375 0.034375
1 0.7625 0.36875 0.025 0.0375
1 0.68046875 0.46484375 0.0234375 0.0234375
1 0.765625 0.32265625 0.01875 0.028125
1 0.72578125 0.59375 0.0234375 0.021875
2 0.846875 0.584375 0.05625 0.053125
2 0.7859375 0.62734375 0.028125 0.0421875
2 0.809375 0.54453125 0.034375 0.0765625
2 0.87109375 0.45 0.0578125 0.04375
2 0.828125 0.35078125 0.046875 0.0578125
2 0.76171875 0.27578125 0.0609375 0.0671875
2 0.60703125 0.36328125 0.0359375 0.1046875
2 0.59375 0.49765625 0.046875 0.0734375
2 0.61640625 0.58359375 0.0671875 0.0640625
2 0.665625 0.65234375 0.04375 0.0703125
2 0.72265625 0.67578125 0.0484375 0.0515625
2 0.7265625 0.42421875 0.046875 0.0390625
0 0.3703125 0.10546875 0.059375 0.1078125