3 0.68125 0.60859375 0.6375 0.5046875
3 0.56484375 0.471875 0.3953125 0.2375
2 0.52265625 0.6 0.1609375 0.053125
2 0.7734375 0.459375 0.090625 0.10625
2 0.70078125 0.75 0.1171875 0.09375
2 0.97265625 0.51875 0.0546875 0.04375
2 0.9453125 0.72109375 0.109375 0.0515625
1 0.92109375 0.5265625 0.0484375 0.03125
1 0.9703125 0.4515625 0.034375 0.034375
1 0.9171875 0.5640625 0.04375 0.021875
1 0.846875 0.60625 0.0625 0.0375
1 0.90625 0.62421875 0.01875 0.01875
1 0.87265625 0.6640625 0.0640625 0.03125
1 0.721875 0.6828125 0.059375 0.0375
1 0.80390625 0.703125 0.034375 0.028125
1 0.78984375 0.73671875 0.0390625 0.025
1 0.92421875 0.79453125 0.0640625 0.0328125
1 0.59375 0.771875 0.05 0.03125
1 0.5359375 0.73515625 0.046875 0.0296875
1 0.44296875 0.61953125 0.0484375 0.0296875
1 0.5375 0.42265625 0.05 0.0296875
1 0.68515625 0.6125 0.0609375 0.034375
1 0.62109375 0.53828125 0.0421875 0.025
1 0.63125 0.43125 0.053125 0.03125