3 0.4796875 0.4984375 0.559375 0.45625
3 0.59453125 0.29609375 0.203125 0.2203125
0 0.57421875 0.28125 0.0984375 0.05625
0 0.4859375 0.40625 0.040625 0.09375
0 0.38984375 0.39609375 0.040625 0.08125
0 0.3171875 0.2734375 0.059375 0.109375
0 0.21328125 0.31796875 0.0703125 0.0890625
0 0.1390625 0.3671875 0.125 0.046875
0 0.2890625 0.4359375 0.10625 0.0625
0 0.27890625 0.48125 0.0890625 0.040625
0 0.31328125 0.52421875 0.115625 0.0453125
0 0.459375 0.48359375 0.096875 0.078125
0 0.5734375 0.465625 0.128125 0.0625
0 0.578125 0.5359375 0.115625 0.059375
0 0.51484375 0.5890625 0.059375 0.078125
0 0.46875 0.57265625 0.053125 0.0859375
0 0.4546875 0.63671875 0.0625 0.0453125
0 0.39609375 0.63828125 0.0546875 0.0890625