3 0.7421875 0.53828125 0.4 0.5546875
3 0.26484375 0.5265625 0.4015625 0.5625
2 0.8765625 0.63515625 0.075 0.0765625
2 0.878125 0.465625 0.071875 0.065625
2 0.81796875 0.33828125 0.0546875 0.1078125
2 0.678125 0.3484375 0.040625 0.128125
2 0.78515625 0.52265625 0.0359375 0.0765625
2 0.75625 0.74765625 0.025 0.0875
2 0.71796875 0.6640625 0.0453125 0.078125
2 0.63828125 0.709375 0.0421875 0.075
2 0.6796875 0.440625 0.028125 0.05625
2 0.63828125 0.51171875 0.0734375 0.0390625
2 0.5890625 0.57265625 0.034375 0.0515625
2 0.79921875 0.6484375 0.040625 0.084375
2 0.8671875 0.40546875 0.028125 0.0625
2 0.9078125 0.56484375 0.034375 0.05625
2 0.82421875 0.69609375 0.0421875 0.0546875
2 0.7625 0.3171875 0.0375 0.046875
2 0.63671875 0.3796875 0.046875 0.0625
2 0.584375 0.5109375 0.05 0.059375
2 0.60703125 0.65859375 0.0453125 0.0671875
2 0.696875 0.7375 0.040625 0.065625
2 0.7578125 0.578125 0.059375 0.046875
0 0.6828125 0.103125 0.046875 0.08125
0 0.65625 0.21328125 0.046875 0.0703125
0 0.6 0.1640625 0.05 0.090625
1 0.50703125 0.11796875 0.0296875 0.034375
1 0.36015625 0.1453125 0.0234375 0.04375
1 0.3875 0.81328125 0.028125 0.0359375
1 0.31171875 0.85859375 0.0203125 0.0375
1 0.309375 0.91875 0.025 0.053125
1 0.1796875 0.36953125 0.028125 0.0453125
1 0.13515625 0.4640625 0.01875 0.034375
1 0.11796875 0.51484375 0.0203125 0.0328125
1 0.10390625 0.49140625 0.025 0.0296875
1 0.14765625 0.58828125 0.0234375 0.0484375
1 0.21484375 0.61015625 0.0203125 0.0328125
1 0.190625 0.58203125 0.025 0.028125
1 0.21953125 0.653125 0.0203125 0.04375
1 0.2625 0.6453125 0.03125 0.034375
1 0.321875 0.7046875 0.025 0.028125
1 0.2859375 0.72265625 0.025 0.0265625
1 0.3671875 0.6546875 0.01875 0.025
1 0.384375 0.56171875 0.021875 0.0515625
1 0.3765625 0.37265625 0.01875 0.0484375
1 0.3828125 0.4484375 0.03125 0.021875
1 0.3 0.3390625 0.025 0.028125
1 0.23984375 0.36875 0.025 0.03125
1 0.23046875 0.340625 0.01875 0.028125
1 0.09296875 0.60078125 0.0109375 0.034375
1 0.2375 0.63125 0.025 0.0375
1 0.31953125 0.53515625 0.0234375 0.0234375
1 0.234375 0.67734375 0.01875 0.028125
1 0.27421875 0.40625 0.0234375 0.021875
2 0.153125 0.415625 0.05625 0.053125
2 0.2140625 0.37265625 0.028125 0.0421875
2 0.190625 0.45546875 0.034375 0.0765625
2 0.12890625 0.55 0.0578125 0.04375
2 0.171875 0.64921875 0.046875 0.0578125
2 0.23828125 0.72421875 0.0609375 0.0671875
2 0.39296875 0.63671875 0.0359375 0.1046875
2 0.40625 0.50234375 0.046875 0.0734375
2 0.38359375 0.41640625 0.0671875 0.0640625
2 0.334375 0.34765625 0.04375 0.0703125
2 0.27734375 0.32421875 0.0484375 0.0515625
2 0.2734375 0.57578125 0.046875 0.0390625
0 0.6296875 0.89453125 0.059375 0.1078125