3 0.53828125 0.2578125 0.5546875 0.40078125
3 0.5265625 0.73515625 0.56328125 0.4015625
2 0.63515625 0.1234375 0.0765625 0.07421875
2 0.465625 0.121875 0.06484375 0.071875
2 0.33828125 0.18203125 0.1078125 0.05390625
2 0.3484375 0.321875 0.12890625 0.040625
2 0.52265625 0.21484375 0.07734375 0.03515625
2 0.74765625 0.24375 0.0875 0.0265625
2 0.6640625 0.28203125 0.0796875 0.04609375
2 0.709375 0.36171875 0.07421875 0.04296875
2 0.440625 0.3203125 0.05546875 0.0296875
2 0.51171875 0.36171875 0.03984375 0.0734375
2 0.57265625 0.4109375 0.05234375 0.034375
2 0.6484375 0.20078125 0.0828125 0.040625
2 0.40546875 0.1328125 0.0625 0.0265625
2 0.56484375 0.0921875 0.05625 0.0328125
2 0.69609375 0.17578125 0.0546875 0.04140625
2 0.3171875 0.2375 0.04609375 0.0359375
2 0.3796875 0.36328125 0.0625 0.046875
2 0.5109375 0.415625 0.0609375 0.0484375
2 0.65859375 0.39296875 0.06640625 0.04453125
2 0.7375 0.303125 0.06640625 0.04140625
2 0.578125 0.2421875 0.04609375 0.059375
0 0.103125 0.3171875 0.08203125 0.0484375
0 0.21328125 0.34375 0.0703125 0.04609375
0 0.1640625 0.4 0.0921875 0.04921875
1 0.11796875 0.49296875 0.034375 0.03046875
1 0.1453125 0.63984375 0.04296875 0.0234375
1 0.81328125 0.6125 0.0359375 0.028125
1 0.85859375 0.68828125 0.0375 0.0203125
1 0.91875 0.690625 0.053125 0.025
1 0.36953125 0.8203125 0.04609375 0.0296875
1 0.4640625 0.86484375 0.03359375 0.01875
1 0.51484375 0.88203125 0.0328125 0.02109375
1 0.49140625 0.89609375 0.0296875 0.025
1 0.58828125 0.85234375 0.0484375 0.02265625
1 0.61015625 0.78515625 0.03203125 0.01953125
1 0.58203125 0.809375 0.028125 0.0234375
1 0.653125 0.78046875 0.0421875 0.01953125
1 0.6453125 0.7375 0.03359375 0.0296875
1 0.7046875 0.678125 0.02890625 0.025
1 0.72265625 0.7140625 0.02734375 0.02421875
1 0.6546875 0.6328125 0.025 0.01953125
1 0.56171875 0.615625 0.05078125 0.021875
1 0.37265625 0.6234375 0.04921875 0.01953125
1 0.4484375 0.6171875 0.02265625 0.03046875
1 0.3390625 0.7 0.0265625 0.02421875
1 0.36875 0.76015625 0.03203125 0.025
1 0.340625 0.76953125 0.02734375 0.01875
1 0.60078125 0.90703125 0.034375 0.0109375
1 0.63125 0.7625 0.0359375 0.0234375
1 0.53515625 0.68046875 0.0234375 0.02265625
1 0.67734375 0.765625 0.028125 0.01875
1 0.40625 0.72578125 0.02265625 0.0234375
2 0.415625 0.846875 0.053125 0.05546875
2 0.37265625 0.7859375 0.04140625 0.0296875
2 0.45546875 0.809375 0.0765625 0.03515625
2 0.55 0.87109375 0.0421875 0.05703125
2 0.64921875 0.828125 0.0578125 0.04765625
2 0.72421875 0.76171875 0.06640625 0.06171875
2 0.63671875 0.60703125 0.1046875 0.03515625
2 0.50234375 0.59375 0.07265625 0.04609375
2 0.41640625 0.61640625 0.06484375 0.0671875
2 0.34765625 0.665625 0.07109375 0.04296875
2 0.32421875 0.72265625 0.05078125 0.0484375
2 0.57578125 0.7265625 0.03984375 0.0453125
0 0.89453125 0.3703125 0.1078125 0.0578125