3 0.5015625 0.4921875 0.6921875 0.7125
1 0.59140625 0.478125 0.046875 0.04375
1 0.35703125 0.61015625 0.0578125 0.053125
1 0.4484375 0.296875 0.03046875 0.0515625
1 0.51640625 0.44140625 0.02265625 0.02734375
1 0.42734375 0.446875 0.02734375 0.02421875
1 0.4234375 0.39453125 0.0265625 0.0296875
1 0.3828125 0.7125 0.0390625 0.034375
1 0.73359375 0.51484375 0.04375 0.034375
1 0.6328125 0.46875 0.034375 0.05859375
2 0.3 0.6359375 0.053125 0.090625
2 0.60546875 0.665625 0.0578125 0.1125
2 0.76328125 0.49296875 0.0625 0.09453125
2 0.665625 0.30703125 0.09453125 0.07265625
2 0.434375 0.2546875 0.0796875 0.09140625
2 0.28828125 0.36875 0.0703125 0.0578125
1 0.33671875 0.33828125 0.03671875 0.02109375
1 0.3328125 0.375 0.021875 0.0296875
1 0.34296875 0.29921875 0.01640625 0.028125
1 0.37421875 0.32421875 0.03984375 0.0265625
1 0.36640625 0.27890625 0.03359375 0.02734375
1 0.51875 0.70859375 0.0234375 0.0484375
1 0.490625 0.69765625 0.01640625 0.0328125
1 0.5484375 0.6703125 0.02109375 0.02890625
1 0.4859375 0.61328125 0.01484375 0.015625
1 0.51484375 0.64921875 0.01796875 0.0203125
1 0.64453125 0.6484375 0.0171875 0.03046875
1 0.75078125 0.33671875 0.02578125 0.01640625
1 0.74765625 0.69765625 0.0296875 0.0296875