3 0.5078125 0.5015625 0.7125 0.690625
1 0.521875 0.59140625 0.04375 0.046875
1 0.38984375 0.35703125 0.053125 0.0578125
1 0.703125 0.4484375 0.05 0.03125
1 0.55859375 0.51640625 0.0265625 0.0234375
1 0.553125 0.42734375 0.025 0.0265625
1 0.60546875 0.4234375 0.0296875 0.028125
1 0.2875 0.3828125 0.034375 0.040625
1 0.48515625 0.73359375 0.034375 0.04375
1 0.53125 0.6328125 0.059375 0.034375
2 0.3640625 0.3 0.090625 0.053125
2 0.334375 0.60546875 0.1125 0.0578125
2 0.50703125 0.76328125 0.0953125 0.0625
2 0.69296875 0.665625 0.0734375 0.09375
2 0.7453125 0.434375 0.090625 0.08125
2 0.63125 0.28828125 0.05625 0.0703125
1 0.66171875 0.33671875 0.0203125 0.0359375
1 0.625 0.3328125 0.03125 0.021875
1 0.70078125 0.34296875 0.028125 0.0171875
1 0.67578125 0.37421875 0.0265625 0.0390625
1 0.72109375 0.36640625 0.0265625 0.0328125
1 0.29140625 0.51875 0.0484375 0.025
1 0.30234375 0.490625 0.0328125 0.015625
1 0.3296875 0.5484375 0.028125 0.021875
1 0.38671875 0.4859375 0.015625 0.015625
1 0.35078125 0.51484375 0.0203125 0.0171875
1 0.3515625 0.64453125 0.03125 0.0171875
1 0.66328125 0.75078125 0.0171875 0.0265625
1 0.30234375 0.74765625 0.0296875 0.0296875