3 0.60859375 0.31875 0.5046875 0.6375
3 0.471875 0.43515625 0.2390625 0.39453125
2 0.6 0.47734375 0.05390625 0.16015625
2 0.459375 0.2265625 0.10625 0.090625
2 0.75 0.29921875 0.09375 0.1171875
2 0.51875 0.02734375 0.04375 0.0546875
2 0.72109375 0.0546875 0.05234375 0.109375
1 0.5265625 0.07890625 0.03046875 0.0484375
1 0.4515625 0.0296875 0.034375 0.0328125
1 0.5640625 0.0828125 0.0234375 0.04453125
1 0.60625 0.153125 0.03671875 0.0609375
1 0.62421875 0.09375 0.01875 0.01875
1 0.6640625 0.12734375 0.03046875 0.06484375
1 0.6828125 0.278125 0.03671875 0.06015625
1 0.703125 0.19609375 0.02890625 0.034375
1 0.73671875 0.21015625 0.025 0.0390625
1 0.79453125 0.07578125 0.03359375 0.06484375
1 0.771875 0.40625 0.03125 0.0515625
1 0.73515625 0.4640625 0.0296875 0.04609375
1 0.61953125 0.55703125 0.0296875 0.04765625
1 0.42265625 0.4625 0.0296875 0.0515625
1 0.6125 0.31484375 0.03359375 0.06015625
1 0.53828125 0.37890625 0.025 0.04296875
1 0.43125 0.36875 0.0328125 0.05390625