3 0.31875 0.39140625 0.6375 0.5046875
3 0.43515625 0.528125 0.3953125 0.2375
2 0.47734375 0.4 0.1609375 0.053125
2 0.2265625 0.540625 0.090625 0.10625
2 0.29921875 0.25 0.1171875 0.09375
2 0.02734375 0.48125 0.0546875 0.04375
2 0.0546875 0.27890625 0.109375 0.0515625
1 0.07890625 0.4734375 0.0484375 0.03125
1 0.0296875 0.5484375 0.034375 0.034375
1 0.0828125 0.4359375 0.04375 0.021875
1 0.153125 0.39375 0.0625 0.0375
1 0.09375 0.37578125 0.01875 0.01875
1 0.12734375 0.3359375 0.0640625 0.03125
1 0.278125 0.3171875 0.059375 0.0375
1 0.19609375 0.296875 0.034375 0.028125
1 0.21015625 0.26328125 0.0390625 0.025
1 0.07578125 0.20546875 0.0640625 0.0328125
1 0.40625 0.228125 0.05 0.03125
1 0.4640625 0.26484375 0.046875 0.0296875
1 0.55703125 0.38046875 0.0484375 0.0296875
1 0.4625 0.57734375 0.05 0.0296875
1 0.31484375 0.3875 0.0609375 0.034375
1 0.37890625 0.46171875 0.0421875 0.025
1 0.36875 0.56875 0.053125 0.03125