3 0.4984375 0.5203125 0.45546875 0.559375
3 0.29609375 0.40546875 0.22109375 0.203125
0 0.28125 0.42578125 0.05546875 0.09921875
0 0.40625 0.5140625 0.09296875 0.04140625
0 0.39609375 0.61015625 0.08125 0.040625
0 0.2734375 0.6828125 0.10859375 0.0578125
0 0.31796875 0.78671875 0.08984375 0.0703125
0 0.3671875 0.8609375 0.0453125 0.125
0 0.4359375 0.7109375 0.06328125 0.10703125
0 0.48125 0.72109375 0.04140625 0.0890625
0 0.52421875 0.68671875 0.0453125 0.115625
0 0.48359375 0.540625 0.078125 0.09765625
0 0.465625 0.4265625 0.06171875 0.1265625
0 0.5359375 0.421875 0.05859375 0.11484375
0 0.5890625 0.48515625 0.0765625 0.059375
0 0.57265625 0.53125 0.08515625 0.05234375
0 0.63671875 0.5453125 0.04453125 0.06171875
0 0.63828125 0.60390625 0.0890625 0.0546875