3 0.45 0.75546875 0.67265625 0.4890625
0 0.26953125 0.8 0.175 0.12734375
0 0.53671875 0.7984375 0.209375 0.16953125
0 0.32734375 0.95546875 0.14609375 0.08828125
0 0.5421875 0.928125 0.1546875 0.14375
0 0.77734375 0.68203125 0.09375 0.225
0 0.915625 0.66015625 0.16875 0.2296875
0 0.72734375 0.3046875 0.12734375 0.246875
0 0.609375 0.390625 0.06796875 0.0921875
0 0.36875 0.47421875 0.1125 0.09296875
0 0.928125 0.903125 0.0953125 0.18359375
0 0.91640625 0.08515625 0.1671875 0.1703125
0 0.8328125 0.28828125 0.11953125 0.14765625
0 0.30859375 0.04765625 0.1046875 0.0953125
0 0.5015625 0.2265625 0.11015625 0.10703125
0 0.16875 0.03125 0.08984375 0.0625