3 0.24453125 0.45 0.4890625 0.671875
0 0.2 0.26953125 0.128125 0.175
0 0.2015625 0.53671875 0.16875 0.209375
0 0.04453125 0.32734375 0.0890625 0.1453125
0 0.071875 0.5421875 0.14375 0.153125
0 0.31796875 0.77734375 0.225 0.09375
0 0.33984375 0.915625 0.2296875 0.16875
0 0.6953125 0.72734375 0.246875 0.1265625
0 0.609375 0.609375 0.09375 0.06875
0 0.52578125 0.36875 0.0921875 0.1125
0 0.096875 0.928125 0.184375 0.09375
0 0.91484375 0.91640625 0.1703125 0.1671875
0 0.71171875 0.8328125 0.1484375 0.11875
0 0.95234375 0.30859375 0.0953125 0.1046875
0 0.7734375 0.5015625 0.10625 0.109375
0 0.96875 0.16875 0.0625 0.090625