3 0.51328125 0.45859375 0.72265625 0.73359375
0 0.83359375 0.471875 0.03828125 0.065625
1 0.61640625 0.440625 0.03828125 0.05546875
1 0.4390625 0.52734375 0.04453125 0.05703125
1 0.37578125 0.521875 0.05 0.05625
1 0.55078125 0.61953125 0.0296875 0.03125
1 0.78125 0.515625 0.04375 0.06875
1 0.7171875 0.41171875 0.03984375 0.05234375
1 0.72890625 0.3046875 0.03671875 0.05546875
1 0.65078125 0.26640625 0.03984375 0.0390625
1 0.64453125 0.35234375 0.01796875 0.0140625
1 0.5453125 0.35625 0.04296875 0.046875
1 0.5984375 0.159375 0.0375 0.03828125
1 0.43828125 0.2890625 0.02421875 0.05390625
1 0.4546875 0.34765625 0.05078125 0.04375
1 0.34140625 0.31953125 0.03828125 0.0578125
1 0.31640625 0.4140625 0.04453125 0.0546875
1 0.33359375 0.23828125 0.03984375 0.03515625
1 0.37421875 0.15625 0.03125 0.0359375
1 0.44296875 0.68984375 0.021875 0.03203125