3 0.51328125 0.45859375 0.7234375 0.7328125
0 0.83359375 0.471875 0.0390625 0.065625
1 0.61640625 0.440625 0.0390625 0.05625
1 0.4390625 0.52734375 0.04375 0.0578125
1 0.37578125 0.521875 0.05 0.05625
1 0.55078125 0.61953125 0.0296875 0.03125
1 0.78125 0.515625 0.04375 0.06875
1 0.7171875 0.41171875 0.040625 0.0515625
1 0.72890625 0.3046875 0.0359375 0.05625
1 0.65078125 0.26640625 0.0390625 0.0390625
1 0.64453125 0.35234375 0.0171875 0.0140625
1 0.5453125 0.35625 0.04375 0.046875
1 0.5984375 0.159375 0.0375 0.0375
1 0.43828125 0.2890625 0.0234375 0.053125
1 0.4546875 0.34765625 0.05 0.04375
1 0.34140625 0.31953125 0.0390625 0.0578125
1 0.31640625 0.4140625 0.0453125 0.053125
1 0.33359375 0.23828125 0.0390625 0.0359375
1 0.37421875 0.15625 0.03125 0.0375
1 0.44296875 0.68984375 0.021875 0.0328125