3 0.75546875 0.55 0.4890625 0.671875
0 0.8 0.73046875 0.128125 0.175
0 0.7984375 0.46328125 0.16875 0.209375
0 0.95546875 0.67265625 0.0890625 0.1453125
0 0.928125 0.4578125 0.14375 0.153125
0 0.68203125 0.22265625 0.225 0.09375
0 0.66015625 0.084375 0.2296875 0.16875
0 0.3046875 0.27265625 0.246875 0.1265625
0 0.390625 0.390625 0.09375 0.06875
0 0.47421875 0.63125 0.0921875 0.1125
0 0.903125 0.071875 0.184375 0.09375
0 0.08515625 0.08359375 0.1703125 0.1671875
0 0.28828125 0.1671875 0.1484375 0.11875
0 0.04765625 0.69140625 0.0953125 0.1046875
0 0.2265625 0.4984375 0.10625 0.109375
0 0.03125 0.83125 0.0625 0.090625