3 0.46015625 0.48984375 0.5265625 0.7984375
1 0.45390625 0.05078125 0.0390625 0.05
1 0.27734375 0.11015625 0.0390625 0.04375
1 0.24921875 0.11875 0.03125 0.05625
1 0.215625 0.1671875 0.0375 0.040625
1 0.271875 0.0796875 0.034375 0.04375
1 0.15546875 0.20859375 0.028125 0.053125
1 0.15625 0.3890625 0.034375 0.065625
1 0.17734375 0.1953125 0.03125 0.06875
1 0.19453125 0.78359375 0.0328125 0.0640625
1 0.175 0.7859375 0.021875 0.0421875
1 0.18125 0.67421875 0.028125 0.0515625
1 0.225 0.9453125 0.025 0.034375
1 0.03203125 0.17421875 0.0421875 0.059375
1 0.27734375 0.73515625 0.0328125 0.0390625
1 0.27109375 0.6765625 0.0359375 0.053125
1 0.37578125 0.78125 0.0375 0.046875
1 0.37734375 0.7109375 0.0359375 0.046875
1 0.46640625 0.70234375 0.0328125 0.0609375
1 0.47890625 0.75 0.0265625 0.05
1 0.2890625 0.6578125 0.028125 0.059375
1 0.25234375 0.4328125 0.03125 0.071875
1 0.28203125 0.4828125 0.0328125 0.05
1 0.2796875 0.428125 0.025 0.046875
1 0.3203125 0.61875 0.040625 0.06875
1 0.3765625 0.709375 0.034375 0.053125
1 0.3765625 0.78046875 0.034375 0.0515625
1 0.3796875 0.6375 0.034375 0.04375
1 0.36953125 0.490625 0.034375 0.05625
1 0.36640625 0.4296875 0.0328125 0.04375
1 0.3515625 0.40390625 0.040625 0.053125
1 0.3453125 0.3265625 0.040625 0.065625
1 0.334375 0.575 0.0375 0.046875
1 0.39296875 0.32578125 0.0328125 0.0515625
1 0.3828125 0.26484375 0.034375 0.0546875
1 0.41953125 0.384375 0.0421875 0.05
1 0.4453125 0.63203125 0.034375 0.0578125
1 0.41328125 0.621875 0.0328125 0.04375
1 0.41015625 0.2390625 0.0265625 0.04375
1 0.4609375 0.375 0.034375 0.059375
1 0.4703125 0.22265625 0.03125 0.0484375
1 0.51328125 0.2734375 0.034375 0.059375
1 0.54609375 0.20078125 0.0390625 0.0640625
1 0.55625 0.31640625 0.03125 0.0515625
1 0.51484375 0.346875 0.0296875 0.05625
1 0.5328125 0.4015625 0.03125 0.05
1 0.50625 0.47265625 0.03125 0.0578125
1 0.478125 0.45625 0.03125 0.040625
1 0.4859375 0.4234375 0.04375 0.034375
1 0.58359375 0.39765625 0.0390625 0.0609375
1 0.5796875 0.26171875 0.0375 0.0578125
1 0.703125 0.38671875 0.028125 0.0484375
1 0.62890625 0.46484375 0.0328125 0.0453125
1 0.62890625 0.5109375 0.04375 0.053125
1 0.58125 0.48203125 0.021875 0.0390625
1 0.49609375 0.55 0.03125 0.04375
1 0.5203125 0.625 0.028125 0.053125
1 0.56484375 0.64140625 0.040625 0.05625
1 0.54453125 0.62578125 0.028125 0.071875
1 0.490625 0.6921875 0.025 0.053125
1 0.50859375 0.73359375 0.0296875 0.0515625
1 0.45859375 0.62109375 0.0265625 0.0546875
1 0.52421875 0.56015625 0.028125 0.0546875
1 0.4859375 0.6421875 0.034375 0.040625