3 0.48671875 0.54140625 0.7234375 0.7328125
0 0.16640625 0.528125 0.0390625 0.065625
1 0.38359375 0.559375 0.0390625 0.05625
1 0.5609375 0.47265625 0.04375 0.0578125
1 0.62421875 0.478125 0.05 0.05625
1 0.44921875 0.38046875 0.0296875 0.03125
1 0.21875 0.484375 0.04375 0.06875
1 0.2828125 0.58828125 0.040625 0.0515625
1 0.27109375 0.6953125 0.0359375 0.05625
1 0.34921875 0.73359375 0.0390625 0.0390625
1 0.35546875 0.64765625 0.0171875 0.0140625
1 0.4546875 0.64375 0.04375 0.046875
1 0.4015625 0.840625 0.0375 0.0375
1 0.56171875 0.7109375 0.0234375 0.053125
1 0.5453125 0.65234375 0.05 0.04375
1 0.65859375 0.68046875 0.0390625 0.0578125
1 0.68359375 0.5859375 0.0453125 0.053125
1 0.66640625 0.76171875 0.0390625 0.0359375
1 0.62578125 0.84375 0.03125 0.0375
1 0.55703125 0.31015625 0.021875 0.0328125