3 0.51015625 0.46015625 0.7984375 0.5265625
1 0.94921875 0.45390625 0.05 0.0390625
1 0.88984375 0.27734375 0.04375 0.0390625
1 0.88125 0.24921875 0.05625 0.03125
1 0.8328125 0.215625 0.040625 0.0375
1 0.9203125 0.271875 0.04375 0.034375
1 0.79140625 0.15546875 0.053125 0.028125
1 0.6109375 0.15625 0.065625 0.034375
1 0.8046875 0.17734375 0.06875 0.03125
1 0.21640625 0.19453125 0.0640625 0.0328125
1 0.2140625 0.175 0.040625 0.021875
1 0.32578125 0.18125 0.0515625 0.028125
1 0.0546875 0.225 0.034375 0.025
1 0.82578125 0.03203125 0.059375 0.0421875
1 0.26484375 0.27734375 0.0390625 0.0328125
1 0.3234375 0.27109375 0.053125 0.0359375
1 0.21875 0.37578125 0.046875 0.0375
1 0.2890625 0.37734375 0.046875 0.0359375
1 0.29765625 0.46640625 0.0609375 0.0328125
1 0.25 0.47890625 0.05 0.0265625
1 0.3421875 0.2890625 0.059375 0.028125
1 0.5671875 0.25234375 0.071875 0.03125
1 0.5171875 0.28203125 0.05 0.0328125
1 0.571875 0.2796875 0.046875 0.025
1 0.38125 0.3203125 0.06875 0.040625
1 0.290625 0.3765625 0.053125 0.034375
1 0.21953125 0.3765625 0.0515625 0.034375
1 0.3625 0.3796875 0.04375 0.034375
1 0.509375 0.36953125 0.05625 0.034375
1 0.5703125 0.36640625 0.04375 0.0328125
1 0.59609375 0.3515625 0.053125 0.040625
1 0.6734375 0.3453125 0.065625 0.040625
1 0.425 0.334375 0.046875 0.0375
1 0.67421875 0.39296875 0.0515625 0.0328125
1 0.73515625 0.3828125 0.0546875 0.034375
1 0.615625 0.41953125 0.05 0.0421875
1 0.36796875 0.4453125 0.0578125 0.034375
1 0.378125 0.41328125 0.04375 0.0328125
1 0.7609375 0.41015625 0.04375 0.0265625
1 0.625 0.4609375 0.059375 0.034375
1 0.77734375 0.4703125 0.0484375 0.03125
1 0.7265625 0.51328125 0.059375 0.034375
1 0.79921875 0.54609375 0.0640625 0.0390625
1 0.68359375 0.55625 0.0515625 0.03125
1 0.653125 0.51484375 0.05625 0.0296875
1 0.5984375 0.5328125 0.05 0.03125
1 0.52734375 0.50625 0.0578125 0.03125
1 0.54375 0.478125 0.040625 0.03125
1 0.5765625 0.4859375 0.034375 0.04375
1 0.60234375 0.58359375 0.0609375 0.0390625
1 0.73828125 0.5796875 0.0578125 0.0375
1 0.61328125 0.703125 0.0484375 0.028125
1 0.53515625 0.62890625 0.0453125 0.0328125
1 0.4890625 0.62890625 0.053125 0.04375
1 0.51796875 0.58125 0.0390625 0.021875
1 0.45 0.49609375 0.04375 0.03125
1 0.375 0.5203125 0.053125 0.028125
1 0.35859375 0.56484375 0.05625 0.040625
1 0.37421875 0.54453125 0.071875 0.028125
1 0.3078125 0.490625 0.053125 0.025
1 0.26640625 0.50859375 0.0515625 0.0296875
1 0.37890625 0.45859375 0.0546875 0.0265625
1 0.43984375 0.52421875 0.0546875 0.028125
1 0.3578125 0.4859375 0.040625 0.034375