3 0.29765625 0.56484375 0.5015625 0.7421875
3 0.16640625 0.34140625 0.240625 0.3859375
1 0.30859375 0.7453125 0.0265625 0.05
1 0.2640625 0.76171875 0.028125 0.0421875
1 0.19609375 0.72421875 0.03125 0.040625
1 0.396875 0.759375 0.025 0.03125
1 0.359375 0.8640625 0.015625 0.034375
1 0.5046875 0.571875 0.028125 0.0375
1 0.38359375 0.5734375 0.0234375 0.046875
1 0.44296875 0.5125 0.0265625 0.046875
1 0.31796875 0.54375 0.0296875 0.0375
1 0.2390625 0.56328125 0.028125 0.0328125
1 0.16484375 0.6078125 0.0265625 0.040625
1 0.140625 0.55 0.01875 0.021875
1 0.12109375 0.52890625 0.0234375 0.0390625
1 0.37421875 0.46953125 0.0234375 0.0265625
1 0.35 0.38125 0.028125 0.040625
1 0.41796875 0.39140625 0.0265625 0.0328125
1 0.23984375 0.50703125 0.0203125 0.0203125
1 0.19765625 0.47421875 0.0234375 0.0234375
1 0.25390625 0.2453125 0.0265625 0.03125
1 0.24140625 0.253125 0.0140625 0.028125
1 0.22109375 0.25859375 0.0109375 0.0109375
1 0.09609375 0.39140625 0.0234375 0.0390625
1 0.13984375 0.4203125 0.015625 0.021875