3 0.70234375 0.43515625 0.50078125 0.74296875
3 0.83359375 0.65859375 0.240625 0.38671875
1 0.69140625 0.2546875 0.02734375 0.05
1 0.7359375 0.23828125 0.0265625 0.0421875
1 0.80390625 0.27578125 0.03125 0.040625
1 0.603125 0.240625 0.02421875 0.0296875
1 0.640625 0.1359375 0.01640625 0.0328125
1 0.4953125 0.428125 0.02734375 0.03671875
1 0.61640625 0.4265625 0.02421875 0.0453125
1 0.55703125 0.4875 0.02578125 0.04609375
1 0.68203125 0.45625 0.0296875 0.0359375
1 0.7609375 0.43671875 0.028125 0.0328125
1 0.83515625 0.3921875 0.02734375 0.0390625
1 0.859375 0.45 0.01953125 0.02109375
1 0.87890625 0.47109375 0.0234375 0.03984375
1 0.62578125 0.53046875 0.0234375 0.0265625
1 0.65 0.61875 0.02734375 0.04140625
1 0.58203125 0.60859375 0.0265625 0.0328125
1 0.76015625 0.49296875 0.02109375 0.0203125
1 0.80234375 0.52578125 0.0234375 0.02265625
1 0.74609375 0.7546875 0.02578125 0.03125
1 0.75859375 0.746875 0.01484375 0.02890625
1 0.77890625 0.74140625 0.01171875 0.0109375
1 0.90390625 0.60859375 0.02421875 0.03984375
1 0.86015625 0.5796875 0.015625 0.021875