1 0.7734375 0.35390625 0.0375 0.046875
1 0.69140625 0.54921875 0.0375 0.0546875
1 0.66328125 0.25390625 0.0390625 0.0484375
1 0.36015625 0.43046875 0.0328125 0.0453125
1 0.45859375 0.39765625 0.0375 0.0484375
1 0.57734375 0.390625 0.05 0.075
1 0.3703125 0.5375 0.04375 0.05625
1 0.225 0.5875 0.040625 0.05
1 0.49921875 0.48359375 0.0296875 0.0421875
1 0.59375 0.6734375 0.028125 0.053125
1 0.40859375 0.86171875 0.0234375 0.0421875
1 0.378125 0.8484375 0.03125 0.046875
3 0.509375 0.4921875 0.728125 0.903125