3 0.2125 0.2640625 0.340625 0.38125
3 0.43515625 0.6296875 0.3984375 0.303125
3 0.67265625 0.321875 0.5640625 0.48125
0 0.13984375 0.2484375 0.0890625 0.065625
0 0.0875 0.29609375 0.075 0.1140625
0 0.1171875 0.39765625 0.046875 0.0765625
0 0.23125 0.28125 0.084375 0.0625
0 0.196875 0.203125 0.05625 0.0875
0 0.33984375 0.534375 0.0765625 0.1
0 0.47265625 0.6265625 0.1421875 0.121875
0 0.45546875 0.5359375 0.0671875 0.05
0 0.48515625 0.37421875 0.1828125 0.1703125
0 0.6671875 0.21640625 0.059375 0.0609375
0 0.68359375 0.45390625 0.0640625 0.0796875
0 0.7921875 0.51328125 0.078125 0.0390625