1 0.2265625 0.64609375 0.0375 0.046875
1 0.30859375 0.45078125 0.0375 0.05390625
1 0.33671875 0.74609375 0.03984375 0.04921875
1 0.63984375 0.56953125 0.03359375 0.04609375
1 0.54140625 0.60234375 0.0375 0.04921875
1 0.42265625 0.609375 0.05 0.075
1 0.6296875 0.4625 0.04453125 0.0546875
1 0.775 0.4125 0.03984375 0.0484375
1 0.50078125 0.51640625 0.0296875 0.04296875
1 0.40625 0.3265625 0.028125 0.0515625
1 0.59140625 0.13828125 0.02421875 0.0421875
1 0.621875 0.1515625 0.0296875 0.04765625
3 0.490625 0.5078125 0.72890625 0.903125