3 0.475 0.4796875 0.61875 0.40625
1 0.4875 0.36875 0.04375 0.03125
1 0.60234375 0.44765625 0.0484375 0.0328125
1 0.53359375 0.4875 0.0453125 0.03125
1 0.49453125 0.59140625 0.0390625 0.0328125
1 0.378125 0.45859375 0.040625 0.0296875
1 0.35703125 0.3984375 0.0453125 0.025
1 0.31328125 0.553125 0.05 0.034375
1 0.290625 0.41171875 0.05 0.034375
1 0.3765625 0.15859375 0.05625 0.0359375
1 0.40703125 0.2046875 0.0421875 0.040625
1 0.375 0.1890625 0.053125 0.03125
1 0.315625 0.159375 0.053125 0.0375
1 0.32265625 0.19765625 0.071875 0.0390625
1 0.37578125 0.2140625 0.04375 0.034375
1 0.33515625 0.22578125 0.059375 0.0328125
1 0.284375 0.17578125 0.053125 0.0453125
1 0.1015625 0.7046875 0.040625 0.021875
1 0.02890625 0.83671875 0.046875 0.0265625
1 0.0125 0.77421875 0.025 0.0140625
1 0.02421875 0.91484375 0.0390625 0.0234375
1 0.23515625 0.8203125 0.0390625 0.028125
0 0.8453125 0.65 0.309375 0.23125
0 0.90703125 0.46015625 0.1578125 0.1859375
0 0.52578125 0.4171875 0.0859375 0.04375
0 0.61015625 0.5046875 0.0578125 0.046875
0 0.45625 0.53984375 0.08125 0.06875
0 0.28359375 0.47734375 0.0890625 0.0703125