3 0.7875 0.7359375 0.340625 0.38125
3 0.56484375 0.3703125 0.3984375 0.303125
3 0.32734375 0.678125 0.5640625 0.48125
0 0.86015625 0.7515625 0.0890625 0.065625
0 0.9125 0.70390625 0.075 0.1140625
0 0.8828125 0.60234375 0.046875 0.0765625
0 0.76875 0.71875 0.084375 0.0625
0 0.803125 0.796875 0.05625 0.0875
0 0.66015625 0.465625 0.0765625 0.1
0 0.52734375 0.3734375 0.1421875 0.121875
0 0.54453125 0.4640625 0.0671875 0.05
0 0.51484375 0.62578125 0.1828125 0.1703125
0 0.3328125 0.78359375 0.059375 0.0609375
0 0.31640625 0.54609375 0.0640625 0.0796875
0 0.2078125 0.48671875 0.078125 0.0390625