1 0.35390625 0.2265625 0.046875 0.0375
1 0.54921875 0.30859375 0.0546875 0.0375
1 0.25390625 0.33671875 0.0484375 0.0390625
1 0.43046875 0.63984375 0.0453125 0.0328125
1 0.39765625 0.54140625 0.0484375 0.0375
1 0.390625 0.42265625 0.075 0.05
1 0.5375 0.6296875 0.05625 0.04375
1 0.5875 0.775 0.05 0.040625
1 0.48359375 0.50078125 0.0421875 0.0296875
1 0.6734375 0.40625 0.053125 0.028125
1 0.86171875 0.59140625 0.0421875 0.0234375
1 0.8484375 0.621875 0.046875 0.03125
3 0.4921875 0.490625 0.903125 0.728125