3 0.7359375 0.2125 0.38203125 0.34140625
3 0.3703125 0.43515625 0.3015625 0.39765625
3 0.678125 0.67265625 0.48125 0.5640625
0 0.7515625 0.13984375 0.0640625 0.0890625
0 0.70390625 0.0875 0.11328125 0.07578125
0 0.60234375 0.1171875 0.07578125 0.04765625
0 0.71875 0.23125 0.0640625 0.084375
0 0.796875 0.196875 0.08671875 0.0578125
0 0.465625 0.33984375 0.10078125 0.07578125
0 0.3734375 0.47265625 0.121875 0.14296875
0 0.4640625 0.45546875 0.05078125 0.06796875
0 0.62578125 0.48515625 0.16953125 0.18203125
0 0.78359375 0.6671875 0.06015625 0.06015625
0 0.54609375 0.68359375 0.0796875 0.06328125
0 0.48671875 0.7921875 0.03828125 0.0796875