3 0.4796875 0.525 0.40625 0.61875
1 0.36875 0.5125 0.03125 0.04375
1 0.44765625 0.39765625 0.0328125 0.0484375
1 0.4875 0.46640625 0.03125 0.0453125
1 0.59140625 0.50546875 0.0328125 0.0390625
1 0.45859375 0.621875 0.0296875 0.040625
1 0.3984375 0.64296875 0.025 0.0453125
1 0.553125 0.68671875 0.034375 0.05
1 0.41171875 0.709375 0.034375 0.05
1 0.15859375 0.6234375 0.0359375 0.05625
1 0.2046875 0.59296875 0.040625 0.0421875
1 0.1890625 0.625 0.03125 0.053125
1 0.159375 0.684375 0.0375 0.053125
1 0.19765625 0.67734375 0.0390625 0.071875
1 0.2140625 0.62421875 0.034375 0.04375
1 0.22578125 0.66484375 0.0328125 0.059375
1 0.17578125 0.715625 0.0453125 0.053125
1 0.7046875 0.8984375 0.021875 0.040625
1 0.83671875 0.97109375 0.0265625 0.046875
1 0.77421875 0.9875 0.0140625 0.025
1 0.91484375 0.97578125 0.0234375 0.0390625
1 0.8203125 0.76484375 0.028125 0.0390625
0 0.65 0.1546875 0.23125 0.309375
0 0.46015625 0.09296875 0.1859375 0.1578125
0 0.4171875 0.47421875 0.04375 0.0859375
0 0.5046875 0.38984375 0.046875 0.0578125
0 0.53984375 0.54375 0.06875 0.08125
0 0.47734375 0.71640625 0.0703125 0.0890625