3 0.4171875 0.3078125 0.5125 0.609375
2 0.46640625 0.49921875 0.08125 0.1421875
2 0.41796875 0.2203125 0.0578125 0.078125
2 0.29375 0.32578125 0.040625 0.125
2 0.3953125 0.5 0.05 0.0625
2 0.27421875 0.3421875 0.05625 0.084375
1 0.35703125 0.03203125 0.0296875 0.0375
1 0.3984375 0.11171875 0.021875 0.0703125
1 0.35625 0.1203125 0.040625 0.046875
1 0.37890625 0.0515625 0.025 0.059375
1 0.4046875 0.2625 0.021875 0.04375
1 0.35859375 0.33125 0.0234375 0.04375
1 0.36328125 0.42578125 0.0296875 0.0421875
1 0.4421875 0.5421875 0.021875 0.04375
1 0.5640625 0.4234375 0.040625 0.0375
1 0.6265625 0.36171875 0.025 0.0453125
1 0.5421875 0.2359375 0.021875 0.05
1 0.5109375 0.12734375 0.025 0.0390625
1 0.5734375 0.07421875 0.028125 0.021875
1 0.5671875 0.00625 0.01875 0.0125
1 0.52265625 0.0078125 0.0234375 0.015625
1 0.45234375 0.28125 0.0296875 0.046875
1 0.4046875 0.26328125 0.028125 0.0421875
1 0.6078125 0.14921875 0.015625 0.028125
1 0.57109375 0.1734375 0.0171875 0.025