3 0.2859375 0.6140625 0.31875 0.471875
3 0.6765625 0.59609375 0.321875 0.4671875
2 0.33046875 0.7484375 0.0390625 0.053125
2 0.20234375 0.678125 0.0359375 0.040625
2 0.1734375 0.59609375 0.0375 0.04375
2 0.1890625 0.6359375 0.021875 0.028125
2 0.296875 0.4671875 0.040625 0.05625
2 0.3734375 0.5734375 0.0375 0.078125
2 0.36953125 0.71484375 0.0328125 0.05
0 0.2515625 0.70078125 0.046875 0.0890625
0 0.22890625 0.5265625 0.0359375 0.084375
0 0.3140625 0.6109375 0.08125 0.184375
0 0.4953125 0.8375 0.103125 0.15
0 0.453125 0.1703125 0.059375 0.1375
0 0.5515625 0.35625 0.121875 0.128125
0 0.6296875 0.525 0.059375 0.084375
0 0.72734375 0.553125 0.0515625 0.1625
0 0.68359375 0.66640625 0.0640625 0.0484375
0 0.796875 0.79140625 0.046875 0.134375
0 0.865625 0.565625 0.034375 0.13125
0 0.87421875 0.41875 0.0640625 0.0875
2 0.275 0.75703125 0.028125 0.0359375
2 0.67265625 0.73359375 0.0609375 0.059375
2 0.64375 0.7078125 0.03125 0.065625
2 0.61640625 0.7265625 0.0203125 0.028125
2 0.77109375 0.62421875 0.0234375 0.0328125
2 0.60234375 0.52421875 0.03125 0.0640625
2 0.73125 0.71171875 0.040625 0.0765625