3 0.2859375 0.6140625 0.31953125 0.47265625
3 0.6765625 0.59609375 0.321875 0.46640625
2 0.33046875 0.7484375 0.03828125 0.05390625
2 0.20234375 0.678125 0.03671875 0.040625
2 0.1734375 0.59609375 0.03828125 0.04375
2 0.1890625 0.6359375 0.021875 0.02734375
2 0.296875 0.4671875 0.040625 0.05625
2 0.3734375 0.5734375 0.03671875 0.07890625
2 0.36953125 0.71484375 0.03359375 0.05
0 0.2515625 0.70078125 0.0453125 0.08984375
0 0.22890625 0.5265625 0.03515625 0.084375
0 0.3140625 0.6109375 0.08046875 0.184375
0 0.4953125 0.8375 0.103125 0.1484375
0 0.453125 0.1703125 0.06015625 0.13828125
0 0.5515625 0.35625 0.12109375 0.12734375
0 0.6296875 0.525 0.059375 0.084375
0 0.72734375 0.553125 0.05078125 0.16171875
0 0.68359375 0.66640625 0.06484375 0.04921875
0 0.796875 0.79140625 0.04609375 0.134375
0 0.865625 0.565625 0.034375 0.13203125
0 0.87421875 0.41875 0.0640625 0.08671875
2 0.275 0.75703125 0.02734375 0.03515625
2 0.67265625 0.73359375 0.0609375 0.059375
2 0.64375 0.7078125 0.0328125 0.0640625
2 0.61640625 0.7265625 0.02109375 0.02890625
2 0.77109375 0.62421875 0.02265625 0.03203125
2 0.60234375 0.52421875 0.03125 0.06328125
2 0.73125 0.71171875 0.04140625 0.07578125