3 0.3078125 0.5828125 0.609375 0.5125
2 0.49921875 0.53359375 0.1421875 0.08125
2 0.2203125 0.58203125 0.078125 0.0578125
2 0.32578125 0.70625 0.125 0.040625
2 0.5 0.6046875 0.0625 0.05
2 0.3421875 0.72578125 0.084375 0.05625
1 0.03203125 0.64296875 0.0375 0.0296875
1 0.11171875 0.6015625 0.0703125 0.021875
1 0.1203125 0.64375 0.046875 0.040625
1 0.0515625 0.62109375 0.059375 0.025
1 0.2625 0.5953125 0.04375 0.021875
1 0.33125 0.64140625 0.04375 0.0234375
1 0.42578125 0.63671875 0.0421875 0.0296875
1 0.5421875 0.5578125 0.04375 0.021875
1 0.4234375 0.4359375 0.0375 0.040625
1 0.36171875 0.3734375 0.0453125 0.025
1 0.2359375 0.4578125 0.05 0.021875
1 0.12734375 0.4890625 0.0390625 0.025
1 0.07421875 0.4265625 0.021875 0.028125
1 0.00625 0.4328125 0.0125 0.01875
1 0.0078125 0.47734375 0.015625 0.0234375
1 0.28125 0.54765625 0.046875 0.0296875
1 0.26328125 0.5953125 0.0421875 0.028125
1 0.14921875 0.3921875 0.028125 0.015625
1 0.1734375 0.42890625 0.025 0.0171875