3 0.51171875 0.46015625 0.703125 0.5359375
0 0.403125 0.62578125 0.07890625 0.065625
0 0.50390625 0.4734375 0.0734375 0.05234375
0 0.5515625 0.440625 0.05546875 0.034375
0 0.73125 0.509375 0.1328125 0.0796875
0 0.4578125 0.26953125 0.0859375 0.07734375
0 0.36171875 0.28046875 0.05234375 0.0328125
0 0.44140625 0.33515625 0.0890625 0.02578125
1 0.6890625 0.29453125 0.0453125 0.03046875
1 0.42421875 0.35546875 0.0546875 0.0328125
1 0.37421875 0.3953125 0.04765625 0.03828125
1 0.32734375 0.36796875 0.040625 0.03515625
1 0.2890625 0.41953125 0.04453125 0.03984375
1 0.328125 0.59921875 0.04375 0.04296875
1 0.528125 0.5625 0.05390625 0.04140625
1 0.55703125 0.63671875 0.028125 0.040625
1 0.74609375 0.5625 0.0515625 0.0375
1 0.68125 0.44921875 0.040625 0.03359375
1 0.48984375 0.396875 0.07890625 0.05078125
1 0.52265625 0.35390625 0.0171875 0.01640625
1 0.7828125 0.41796875 0.040625 0.0328125
0 0.4390625 0.3328125 0.07421875 0.0203125