3 0.61484375 0.74453125 0.640625 0.4078125
3 0.2671875 0.19140625 0.534375 0.3828125
0 0.44296875 0.715625 0.1203125 0.10625
0 0.496875 0.6703125 0.1125 0.09375
0 0.65703125 0.69921875 0.0796875 0.0703125
0 0.64453125 0.828125 0.10625 0.071875
0 0.775 0.79921875 0.140625 0.0625
1 0.634375 0.4828125 0.05625 0.03125
1 0.88359375 0.3578125 0.05625 0.028125
1 0.65625 0.109375 0.05 0.040625
1 0.4328125 0.390625 0.065625 0.04375
1 0.21875 0.6359375 0.05625 0.040625
1 0.17265625 0.521875 0.0515625 0.03125
1 0.13984375 0.4859375 0.0390625 0.034375
1 0.22109375 0.528125 0.0546875 0.028125
1 0.2125 0.49453125 0.06875 0.034375
1 0.14375 0.44453125 0.05625 0.0375
1 0.19453125 0.4625 0.034375 0.025
1 0.2671875 0.48046875 0.046875 0.0328125
1 0.23203125 0.45 0.0640625 0.0375
1 0.1875 0.428125 0.0375 0.04375
1 0.20078125 0.16015625 0.0484375 0.0484375
1 0.24765625 0.27109375 0.0359375 0.0296875
1 0.2640625 0.2390625 0.04375 0.01875
1 0.3609375 0.13984375 0.046875 0.0296875
1 0.35234375 0.06796875 0.0484375 0.0265625
1 0.24140625 0.06171875 0.053125 0.03125
1 0.209375 0.11796875 0.053125 0.03125
1 0.09921875 0.13515625 0.0515625 0.025
1 0.125 0.20234375 0.0375 0.0234375
1 0.08359375 0.20546875 0.040625 0.0296875
1 0.07265625 0.05859375 0.0453125 0.025
2 0.175 0.02578125 0.16875 0.0515625
2 0.2375 0.10546875 0.109375 0.0484375
2 0.365625 0.06328125 0.1 0.065625
2 0.28828125 0.02734375 0.0953125 0.0546875
0 0.184375 0.18203125 0.103125 0.1328125
0 0.11875 0.06796875 0.16875 0.0578125
0 0.3078125 0.06328125 0.065625 0.0921875
0 0.396875 0.21015625 0.0625 0.0390625
0 0.10703125 0.29609375 0.0859375 0.0296875