3 0.25546875 0.61484375 0.4078125 0.640625
3 0.80859375 0.2671875 0.3828125 0.534375
0 0.284375 0.44296875 0.10625 0.1203125
0 0.3296875 0.496875 0.09375 0.1125
0 0.30078125 0.65703125 0.0703125 0.0796875
0 0.171875 0.64453125 0.071875 0.10625
0 0.20078125 0.775 0.0625 0.140625
1 0.5171875 0.634375 0.03125 0.05625
1 0.6421875 0.88359375 0.028125 0.05625
1 0.890625 0.65625 0.040625 0.05
1 0.609375 0.4328125 0.04375 0.065625
1 0.3640625 0.21875 0.040625 0.05625
1 0.478125 0.17265625 0.03125 0.0515625
1 0.5140625 0.13984375 0.034375 0.0390625
1 0.471875 0.22109375 0.028125 0.0546875
1 0.50546875 0.2125 0.034375 0.06875
1 0.55546875 0.14375 0.0375 0.05625
1 0.5375 0.19453125 0.025 0.034375
1 0.51953125 0.2671875 0.0328125 0.046875
1 0.55 0.23203125 0.0375 0.0640625
1 0.571875 0.1875 0.04375 0.0375
1 0.83984375 0.20078125 0.0484375 0.0484375
1 0.72890625 0.24765625 0.0296875 0.0359375
1 0.7609375 0.2640625 0.01875 0.04375
1 0.86015625 0.3609375 0.0296875 0.046875
1 0.93203125 0.35234375 0.0265625 0.0484375
1 0.93828125 0.24140625 0.03125 0.053125
1 0.88203125 0.209375 0.03125 0.053125
1 0.86484375 0.09921875 0.025 0.0515625
1 0.79765625 0.125 0.0234375 0.0375
1 0.79453125 0.08359375 0.0296875 0.040625
1 0.94140625 0.07265625 0.025 0.0453125
2 0.97421875 0.175 0.0515625 0.16875
2 0.89453125 0.2375 0.0484375 0.109375
2 0.93671875 0.365625 0.065625 0.1
2 0.97265625 0.28828125 0.0546875 0.0953125
0 0.81796875 0.184375 0.1328125 0.103125
0 0.93203125 0.11875 0.0578125 0.16875
0 0.93671875 0.3078125 0.0921875 0.065625
0 0.78984375 0.396875 0.0390625 0.0625
0 0.70390625 0.10703125 0.0296875 0.0859375