1 0.7484375 0.190625 0.021875 0.0375
1 0.8484375 0.290625 0.03125 0.0375
1 0.81015625 0.26953125 0.0296875 0.0421875
1 0.69296875 0.3453125 0.03125 0.034375
1 0.62890625 0.346875 0.0328125 0.0375
1 0.603125 0.25390625 0.03125 0.0359375
1 0.8078125 0.1453125 0.021875 0.028125
1 0.73359375 0.42265625 0.0265625 0.0296875
1 0.79375 0.46015625 0.034375 0.0390625
1 0.8015625 0.51484375 0.01875 0.028125
1 0.8703125 0.559375 0.0375 0.05625
1 0.8453125 0.66640625 0.025 0.0421875
1 0.68671875 0.65078125 0.034375 0.0375
1 0.65703125 0.5203125 0.0234375 0.040625
1 0.6078125 0.46484375 0.021875 0.0390625
1 0.6671875 0.4375 0.015625 0.028125
3 0.74921875 0.4140625 0.4609375 0.709375