3 0.48828125 0.53984375 0.703125 0.5359375
0 0.596875 0.37421875 0.078125 0.065625
0 0.49609375 0.5265625 0.0734375 0.053125
0 0.4484375 0.559375 0.05625 0.034375
0 0.26875 0.490625 0.13125 0.08125
0 0.5421875 0.73046875 0.084375 0.0765625
0 0.63828125 0.71953125 0.0515625 0.0328125
0 0.55859375 0.66484375 0.0890625 0.0265625
1 0.3109375 0.70546875 0.046875 0.0296875
1 0.57578125 0.64453125 0.0546875 0.0328125
1 0.62578125 0.6046875 0.0484375 0.0375
1 0.67265625 0.63203125 0.040625 0.0359375
1 0.7109375 0.58046875 0.04375 0.0390625
1 0.671875 0.40078125 0.04375 0.0421875
1 0.471875 0.4375 0.053125 0.040625
1 0.44296875 0.36328125 0.028125 0.040625
1 0.25390625 0.4375 0.0515625 0.0375
1 0.31875 0.55078125 0.040625 0.0328125
1 0.51015625 0.603125 0.0796875 0.05
1 0.47734375 0.64609375 0.0171875 0.0171875
1 0.2171875 0.58203125 0.040625 0.0328125
0 0.5609375 0.6671875 0.075 0.021875