1 0.2515625 0.809375 0.02109375 0.03671875
1 0.1515625 0.709375 0.03203125 0.03828125
1 0.18984375 0.73046875 0.02890625 0.04140625
1 0.30703125 0.6546875 0.03125 0.034375
1 0.37109375 0.653125 0.03203125 0.03828125
1 0.396875 0.74609375 0.03046875 0.0359375
1 0.1921875 0.8546875 0.0203125 0.028125
1 0.26640625 0.57734375 0.0265625 0.03046875
1 0.20625 0.53984375 0.034375 0.0390625
1 0.1984375 0.48515625 0.01875 0.028125
1 0.1296875 0.440625 0.0375 0.05546875
1 0.1546875 0.33359375 0.02421875 0.04296875
1 0.31328125 0.34921875 0.034375 0.0375
1 0.34296875 0.4796875 0.02265625 0.03984375
1 0.3921875 0.53515625 0.0234375 0.0390625
1 0.3328125 0.5625 0.0171875 0.028125
3 0.25078125 0.5859375 0.46015625 0.7109375