1 0.809375 0.7484375 0.0375 0.021875
1 0.709375 0.8484375 0.0375 0.03125
1 0.73046875 0.81015625 0.0421875 0.0296875
1 0.6546875 0.69296875 0.034375 0.03125
1 0.653125 0.62890625 0.0375 0.0328125
1 0.74609375 0.603125 0.0359375 0.03125
1 0.8546875 0.8078125 0.028125 0.021875
1 0.57734375 0.73359375 0.0296875 0.0265625
1 0.53984375 0.79375 0.0390625 0.034375
1 0.48515625 0.8015625 0.028125 0.01875
1 0.440625 0.8703125 0.05625 0.0375
1 0.33359375 0.8453125 0.0421875 0.025
1 0.34921875 0.68671875 0.0375 0.034375
1 0.4796875 0.65703125 0.040625 0.0234375
1 0.53515625 0.6078125 0.0390625 0.021875
1 0.5625 0.6671875 0.028125 0.015625
3 0.5859375 0.74921875 0.709375 0.4609375