3 0.37265625 0.48359375 0.45390625 0.8171875
0 0.01328125 0.55390625 0.0265625 0.0890625
0 0.05859375 0.7140625 0.1171875 0.203125
0 0.03203125 0.7984375 0.06328125 0.14921875
0 0.271875 0.43359375 0.12578125 0.21875
0 0.22421875 0.634375 0.1140625 0.18359375
0 0.33828125 0.7171875 0.0578125 0.1921875
0 0.3734375 0.49296875 0.0890625 0.13828125
0 0.4046875 0.278125 0.12734375 0.12734375
0 0.28125 0.22890625 0.0625 0.12109375
0 0.2703125 0.43046875 0.1171875 0.2140625
0 0.496875 0.46328125 0.12578125 0.1828125
0 0.46796875 0.63984375 0.08203125 0.06796875
0 0.41171875 0.73125 0.0828125 0.1234375
0 0.49296875 0.259375 0.0734375 0.1640625