3 0.37265625 0.48359375 0.4546875 0.8171875
0 0.01328125 0.55390625 0.0265625 0.0890625
0 0.05859375 0.7140625 0.1171875 0.203125
0 0.03203125 0.7984375 0.0640625 0.15
0 0.271875 0.43359375 0.125 0.21875
0 0.22421875 0.634375 0.1140625 0.184375
0 0.33828125 0.7171875 0.0578125 0.190625
0 0.3734375 0.49296875 0.090625 0.1390625
0 0.4046875 0.278125 0.128125 0.128125
0 0.28125 0.22890625 0.0625 0.1203125
0 0.2703125 0.43046875 0.115625 0.2140625
0 0.496875 0.46328125 0.125 0.1828125
0 0.46796875 0.63984375 0.0828125 0.0671875
0 0.41171875 0.73125 0.0828125 0.125
0 0.49296875 0.259375 0.0734375 0.1625