3 0.471875 0.328125 0.2203125 0.3109375
3 0.32109375 0.61328125 0.175 0.2859375
3 0.57109375 0.58359375 0.253125 0.53984375
3 0.73125 0.41875 0.2453125 0.3484375
3 0.7578125 0.60390625 0.18984375 0.4984375
0 0.37890625 0.90859375 0.1390625 0.1828125
0 0.28359375 0.62734375 0.0203125 0.10234375
0 0.39921875 0.52578125 0.04609375 0.11640625
0 0.4296875 0.3078125 0.05234375 0.0828125
0 0.490625 0.28515625 0.01171875 0.053125
0 0.58984375 0.41328125 0.03671875 0.05
0 0.64296875 0.51875 0.0390625 0.06328125
0 0.54140625 0.6328125 0.03203125 0.0390625
0 0.62109375 0.7859375 0.034375 0.03125
0 0.696875 0.671875 0.06796875 0.13515625
0 0.74375 0.815625 0.00625 0.02578125
0 0.78984375 0.46796875 0.0109375 0.0125