3 0.328125 0.528125 0.3125 0.21875
3 0.61328125 0.67890625 0.2859375 0.175
3 0.58359375 0.42890625 0.5390625 0.253125
3 0.41875 0.26875 0.35 0.24375
3 0.60390625 0.2421875 0.4984375 0.190625
0 0.90859375 0.62109375 0.1828125 0.1390625
0 0.62734375 0.71640625 0.1015625 0.0203125
0 0.52578125 0.60078125 0.1171875 0.0453125
0 0.3078125 0.5703125 0.084375 0.053125
0 0.28515625 0.509375 0.053125 0.0125
0 0.41328125 0.41015625 0.05 0.0359375
0 0.51875 0.35703125 0.0625 0.0390625
0 0.6328125 0.45859375 0.040625 0.0328125
0 0.7859375 0.37890625 0.03125 0.034375
0 0.671875 0.303125 0.134375 0.06875
0 0.815625 0.25625 0.025 0.00625
0 0.46796875 0.21015625 0.0125 0.0109375