3 0.48359375 0.62734375 0.8171875 0.4546875
0 0.55390625 0.98671875 0.0890625 0.0265625
0 0.7140625 0.94140625 0.203125 0.1171875
0 0.7984375 0.96796875 0.15 0.0640625
0 0.43359375 0.728125 0.21875 0.125
0 0.634375 0.77578125 0.184375 0.1140625
0 0.7171875 0.66171875 0.190625 0.0578125
0 0.49296875 0.6265625 0.1390625 0.090625
0 0.278125 0.5953125 0.128125 0.128125
0 0.22890625 0.71875 0.1203125 0.0625
0 0.43046875 0.7296875 0.2140625 0.115625
0 0.46328125 0.503125 0.1828125 0.125
0 0.63984375 0.53203125 0.0671875 0.0828125
0 0.73125 0.58828125 0.125 0.0828125
0 0.259375 0.50703125 0.1625 0.0734375