3 0.671875 0.471875 0.3125 0.21875
3 0.38671875 0.32109375 0.2859375 0.175
3 0.41640625 0.57109375 0.5390625 0.253125
3 0.58125 0.73125 0.35 0.24375
3 0.39609375 0.7578125 0.4984375 0.190625
0 0.09140625 0.37890625 0.1828125 0.1390625
0 0.37265625 0.28359375 0.1015625 0.0203125
0 0.47421875 0.39921875 0.1171875 0.0453125
0 0.6921875 0.4296875 0.084375 0.053125
0 0.71484375 0.490625 0.053125 0.0125
0 0.58671875 0.58984375 0.05 0.0359375
0 0.48125 0.64296875 0.0625 0.0390625
0 0.3671875 0.54140625 0.040625 0.0328125
0 0.2140625 0.62109375 0.03125 0.034375
0 0.328125 0.696875 0.134375 0.06875
0 0.184375 0.74375 0.025 0.00625
0 0.53203125 0.78984375 0.0125 0.0109375