3 0.475 0.63125 0.2875 0.190625
3 0.4875 0.784375 0.55 0.35
1 0.60625 0.6859375 0.05 0.034375
1 0.56015625 0.6109375 0.0421875 0.028125
1 0.4484375 0.5984375 0.034375 0.025
1 0.36875 0.7 0.040625 0.028125
1 0.28828125 0.75859375 0.0453125 0.025
1 0.3015625 0.825 0.03125 0.025
1 0.3703125 0.83984375 0.046875 0.03125
1 0.440625 0.9 0.053125 0.028125
1 0.53125 0.87265625 0.053125 0.0296875
1 0.48671875 0.77265625 0.0421875 0.03125
1 0.41171875 0.7625 0.0390625 0.025
1 0.603125 0.77578125 0.040625 0.0265625
1 0.65546875 0.78203125 0.0390625 0.0328125
1 0.65546875 0.69296875 0.0390625 0.0265625
1 0.6375 0.834375 0.05 0.03125
1 0.39453125 0.62734375 0.021875 0.0140625