3 0.4921875 0.4609375 0.86953125 0.696875
1 0.17734375 0.58203125 0.05078125 0.0359375
1 0.12421875 0.4484375 0.040625 0.0421875
1 0.1671875 0.509375 0.04453125 0.04296875
1 0.3546875 0.35859375 0.0375 0.034375
1 0.371875 0.421875 0.046875 0.03359375
1 0.35390625 0.209375 0.0359375 0.0359375
1 0.571875 0.234375 0.02890625 0.02109375
1 0.62265625 0.259375 0.040625 0.040625
1 0.73203125 0.25390625 0.05234375 0.03515625
1 0.67578125 0.41171875 0.03203125 0.04375
1 0.5609375 0.440625 0.0328125 0.02421875
1 0.621875 0.42734375 0.03125 0.0296875
1 0.4765625 0.52578125 0.04765625 0.0296875
1 0.4953125 0.45078125 0.04375 0.02890625
1 0.5875 0.34140625 0.04140625 0.02890625
1 0.58125 0.321875 0.0203125 0.02421875
1 0.83203125 0.46640625 0.03671875 0.03671875
1 0.68203125 0.59765625 0.04609375 0.0328125
1 0.62265625 0.6140625 0.03203125 0.01953125
1 0.55859375 0.5984375 0.03125 0.034375
1 0.4015625 0.6671875 0.0296875 0.021875
1 0.3140625 0.66015625 0.03828125 0.0359375
1 0.41015625 0.7 0.0328125 0.03359375
1 0.49453125 0.6953125 0.0375 0.02421875
0 0.93671875 0.66015625 0.12578125 0.1953125
0 0.93828125 0.14140625 0.12265625 0.2828125
0 0.05859375 0.0640625 0.11640625 0.128125
1 0.20859375 0.0578125 0.0953125 0.053125
1 0.34453125 0.0640625 0.1 0.0453125
1 0.390625 0.02421875 0.11796875 0.04765625
1 0.57578125 0.021875 0.0953125 0.04375
1 0.15 0.15 0.1 0.065625