3 0.63125 0.525 0.18984375 0.28671875
3 0.784375 0.5125 0.35078125 0.54921875
1 0.6859375 0.39375 0.0359375 0.05078125
1 0.6109375 0.43984375 0.02890625 0.0421875
1 0.5984375 0.5515625 0.02421875 0.0359375
1 0.7 0.63125 0.028125 0.03984375
1 0.75859375 0.71171875 0.025 0.04453125
1 0.825 0.6984375 0.0234375 0.03046875
1 0.83984375 0.6296875 0.03125 0.0453125
1 0.9 0.559375 0.02890625 0.05234375
1 0.87265625 0.46875 0.02890625 0.05234375
1 0.77265625 0.51328125 0.03125 0.04296875
1 0.7625 0.58828125 0.02578125 0.0390625
1 0.77578125 0.396875 0.0265625 0.03984375
1 0.78203125 0.34453125 0.03359375 0.03984375
1 0.69296875 0.34453125 0.02734375 0.03984375
1 0.834375 0.3625 0.03046875 0.0484375
1 0.62734375 0.60546875 0.01484375 0.021875