3 0.5390625 0.4921875 0.696875 0.86875
1 0.41796875 0.17734375 0.0359375 0.0515625
1 0.5515625 0.12421875 0.040625 0.040625
1 0.490625 0.1671875 0.04375 0.04375
1 0.64140625 0.3546875 0.034375 0.0375
1 0.578125 0.371875 0.034375 0.046875
1 0.790625 0.35390625 0.0375 0.0359375
1 0.765625 0.571875 0.021875 0.028125
1 0.740625 0.62265625 0.040625 0.040625
1 0.74609375 0.73203125 0.0359375 0.0515625
1 0.58828125 0.67578125 0.04375 0.0328125
1 0.559375 0.5609375 0.025 0.034375
1 0.57265625 0.621875 0.0296875 0.03125
1 0.47421875 0.4765625 0.0296875 0.046875
1 0.54921875 0.4953125 0.0296875 0.04375
1 0.65859375 0.5875 0.0296875 0.040625
1 0.678125 0.58125 0.025 0.01875
1 0.53359375 0.83203125 0.0359375 0.0359375
1 0.40234375 0.68203125 0.0328125 0.0453125
1 0.3859375 0.62265625 0.01875 0.0328125
1 0.4015625 0.55859375 0.034375 0.03125
1 0.3328125 0.4015625 0.021875 0.028125
1 0.33984375 0.3140625 0.0359375 0.0375
1 0.3 0.41015625 0.034375 0.0328125
1 0.3046875 0.49453125 0.025 0.0375
0 0.33984375 0.93671875 0.1953125 0.1265625
0 0.85859375 0.93828125 0.2828125 0.1234375
0 0.9359375 0.05859375 0.128125 0.1171875
1 0.9421875 0.20859375 0.053125 0.0953125
1 0.9359375 0.34453125 0.046875 0.1
1 0.97578125 0.390625 0.0484375 0.11875
1 0.978125 0.57578125 0.04375 0.0953125
1 0.85 0.15 0.065625 0.1