3 0.9 0.71953125 0.2 0.3390625
3 0.50078125 0.68671875 0.2453125 0.4203125
3 0.696875 0.321875 0.246875 0.4375
3 0.92734375 0.09765625 0.1453125 0.1953125
0 0.434375 0.3734375 0.06875 0.096875
0 0.71171875 0.31328125 0.0765625 0.215625
0 0.77421875 0.6609375 0.0921875 0.234375
0 0.9515625 0.80234375 0.096875 0.1109375
0 0.48671875 0.72734375 0.1265625 0.3265625
0 0.98359375 0.15234375 0.0328125 0.05
0 0.8953125 0.14921875 0.046875 0.0296875
1 0.93828125 0.16171875 0.03125 0.0328125
1 0.921875 0.1234375 0.0375 0.034375
1 0.9375 0.04296875 0.028125 0.0421875
1 0.696875 0.421875 0.028125 0.053125
1 0.6765625 0.4515625 0.01875 0.040625
1 0.64375 0.43515625 0.034375 0.05625
1 0.65703125 0.309375 0.0328125 0.059375
1 0.6765625 0.365625 0.034375 0.046875
1 0.64765625 0.2328125 0.0421875 0.0625
1 0.4390625 0.61796875 0.03125 0.0546875
0 0.6125 0.32578125 0.025 0.034375
0 0.61953125 0.27109375 0.0171875 0.025
0 0.6328125 0.19609375 0.028125 0.01875