3 0.71953125 0.1 0.3390625 0.2
3 0.68671875 0.49921875 0.4203125 0.2453125
3 0.321875 0.303125 0.4375 0.246875
3 0.09765625 0.07265625 0.1953125 0.1453125
0 0.3734375 0.565625 0.096875 0.06875
0 0.31328125 0.28828125 0.215625 0.0765625
0 0.6609375 0.22578125 0.234375 0.0921875
0 0.80234375 0.0484375 0.1109375 0.096875
0 0.72734375 0.51328125 0.3265625 0.1265625
0 0.15234375 0.01640625 0.05 0.0328125
0 0.14921875 0.1046875 0.0296875 0.046875
1 0.16171875 0.06171875 0.0328125 0.03125
1 0.1234375 0.078125 0.034375 0.0375
1 0.04296875 0.0625 0.0421875 0.028125
1 0.421875 0.303125 0.053125 0.028125
1 0.4515625 0.3234375 0.040625 0.01875
1 0.43515625 0.35625 0.05625 0.034375
1 0.309375 0.34296875 0.059375 0.0328125
1 0.365625 0.3234375 0.046875 0.034375
1 0.2328125 0.35234375 0.0625 0.0421875
1 0.61796875 0.5609375 0.0546875 0.03125
0 0.32578125 0.3875 0.034375 0.025
0 0.27109375 0.38046875 0.025 0.0171875
0 0.19609375 0.3671875 0.01875 0.028125