3 0.1 0.28046875 0.2 0.3390625
3 0.49921875 0.31328125 0.24609375 0.4203125
3 0.303125 0.678125 0.24765625 0.4375
3 0.07265625 0.90234375 0.1453125 0.19453125
0 0.565625 0.6265625 0.0703125 0.0953125
0 0.28828125 0.68671875 0.0765625 0.215625
0 0.22578125 0.3390625 0.09140625 0.2328125
0 0.0484375 0.19765625 0.09609375 0.11171875
0 0.51328125 0.27265625 0.12578125 0.32734375
0 0.01640625 0.84765625 0.0328125 0.05
0 0.1046875 0.85078125 0.0484375 0.03046875
1 0.06171875 0.83828125 0.03125 0.0328125
1 0.078125 0.8765625 0.03828125 0.034375
1 0.0625 0.95703125 0.02734375 0.0421875
1 0.303125 0.578125 0.028125 0.053125
1 0.3234375 0.5484375 0.01953125 0.04140625
1 0.35625 0.56484375 0.034375 0.05625
1 0.34296875 0.690625 0.03203125 0.059375
1 0.3234375 0.634375 0.034375 0.04609375
1 0.35234375 0.7671875 0.04140625 0.06171875
1 0.5609375 0.38203125 0.03203125 0.0546875
0 0.3875 0.67421875 0.025 0.034375
0 0.38046875 0.72890625 0.0171875 0.025
0 0.3671875 0.80390625 0.02734375 0.01875