3 0.5078125 0.5390625 0.86875 0.696875
1 0.82265625 0.41796875 0.0515625 0.0359375
1 0.87578125 0.5515625 0.040625 0.040625
1 0.8328125 0.490625 0.04375 0.04375
1 0.6453125 0.64140625 0.0375 0.034375
1 0.628125 0.578125 0.046875 0.034375
1 0.64609375 0.790625 0.0359375 0.0375
1 0.428125 0.765625 0.028125 0.021875
1 0.37734375 0.740625 0.040625 0.040625
1 0.26796875 0.74609375 0.0515625 0.0359375
1 0.32421875 0.58828125 0.0328125 0.04375
1 0.4390625 0.559375 0.034375 0.025
1 0.378125 0.57265625 0.03125 0.0296875
1 0.5234375 0.47421875 0.046875 0.0296875
1 0.5046875 0.54921875 0.04375 0.0296875
1 0.4125 0.65859375 0.040625 0.0296875
1 0.41875 0.678125 0.01875 0.025
1 0.16796875 0.53359375 0.0359375 0.0359375
1 0.31796875 0.40234375 0.0453125 0.0328125
1 0.37734375 0.3859375 0.0328125 0.01875
1 0.44140625 0.4015625 0.03125 0.034375
1 0.5984375 0.3328125 0.028125 0.021875
1 0.6859375 0.33984375 0.0375 0.0359375
1 0.58984375 0.3 0.0328125 0.034375
1 0.50546875 0.3046875 0.0375 0.025
0 0.06328125 0.33984375 0.1265625 0.1953125
0 0.06171875 0.85859375 0.1234375 0.2828125
0 0.94140625 0.9359375 0.1171875 0.128125
1 0.79140625 0.9421875 0.0953125 0.053125
1 0.65546875 0.9359375 0.1 0.046875
1 0.609375 0.97578125 0.11875 0.0484375
1 0.42421875 0.978125 0.0953125 0.04375
1 0.85 0.85 0.1 0.065625