3 0.4125 0.2390625 0.275 0.209375
3 0.60625 0.18125 0.61875 0.3625
2 0.4296875 0.25703125 0.078125 0.0765625
2 0.4375 0.08046875 0.10625 0.0796875
2 0.6015625 0.103125 0.103125 0.09375
2 0.52109375 0.23515625 0.0859375 0.071875
2 0.71953125 0.2203125 0.103125 0.084375
2 0.79765625 0.103125 0.1046875 0.078125
2 0.7625 0.01484375 0.078125 0.0296875
0 0.7203125 0.059375 0.034375 0.0375
0 0.6390625 0.0359375 0.053125 0.034375
0 0.70234375 0.1390625 0.0265625 0.046875
0 0.8140625 0.19375 0.065625 0.028125
0 0.5453125 0.2890625 0.046875 0.028125
0 0.65390625 0.27265625 0.0390625 0.0484375
0 0.44296875 0.1703125 0.05 0.034375
0 0.3375 0.228125 0.025 0.025
0 0.38828125 0.28359375 0.0234375 0.0171875
0 0.37109375 0.09375 0.0328125 0.05625
0 0.48046875 0.11875 0.0171875 0.025
0 0.80625 0.0578125 0.028125 0.015625
0 0.03125 0.21796875 0.0625 0.0734375