3 0.7609375 0.4125 0.2078125 0.2765625
3 0.81875 0.60625 0.3625 0.6171875
2 0.74296875 0.4296875 0.0765625 0.0765625
2 0.91953125 0.4375 0.0796875 0.10546875
2 0.896875 0.6015625 0.09375 0.1015625
2 0.76484375 0.52109375 0.071875 0.08671875
2 0.7796875 0.71953125 0.08515625 0.103125
2 0.896875 0.79765625 0.07734375 0.1046875
2 0.98515625 0.7625 0.0296875 0.078125
0 0.940625 0.7203125 0.0359375 0.03515625
0 0.9640625 0.6390625 0.0328125 0.05234375
0 0.8609375 0.70234375 0.046875 0.0265625
0 0.80625 0.8140625 0.02890625 0.06484375
0 0.7109375 0.5453125 0.02890625 0.04765625
0 0.72734375 0.65390625 0.04921875 0.0390625
0 0.8296875 0.44296875 0.034375 0.05
0 0.771875 0.3375 0.02421875 0.02421875
0 0.71640625 0.38828125 0.01640625 0.0234375
0 0.90625 0.37109375 0.05625 0.03203125
0 0.88125 0.48046875 0.02421875 0.0171875
0 0.9421875 0.80625 0.0171875 0.028125
0 0.78203125 0.03125 0.07421875 0.0625