3 0.2390625 0.5875 0.209375 0.275
3 0.18125 0.39375 0.3625 0.61875
2 0.25703125 0.5703125 0.0765625 0.078125
2 0.08046875 0.5625 0.0796875 0.10625
2 0.103125 0.3984375 0.09375 0.103125
2 0.23515625 0.47890625 0.071875 0.0859375
2 0.2203125 0.28046875 0.084375 0.103125
2 0.103125 0.20234375 0.078125 0.1046875
2 0.01484375 0.2375 0.0296875 0.078125
0 0.059375 0.2796875 0.0375 0.034375
0 0.0359375 0.3609375 0.034375 0.053125
0 0.1390625 0.29765625 0.046875 0.0265625
0 0.19375 0.1859375 0.028125 0.065625
0 0.2890625 0.4546875 0.028125 0.046875
0 0.27265625 0.34609375 0.0484375 0.0390625
0 0.1703125 0.55703125 0.034375 0.05
0 0.228125 0.6625 0.025 0.025
0 0.28359375 0.61171875 0.0171875 0.0234375
0 0.09375 0.62890625 0.05625 0.0328125
0 0.11875 0.51953125 0.025 0.0171875
0 0.0578125 0.19375 0.0171875 0.028125
0 0.21796875 0.96875 0.0734375 0.0625