3 0.3640625 0.628125 0.728125 0.74375
3 0.6671875 0.58515625 0.5421875 0.41015625
2 0.1421875 0.4921875 0.1484375 0.09296875
2 0.2921875 0.61953125 0.15078125 0.11796875
2 0.5671875 0.4296875 0.1265625 0.08203125
2 0.7578125 0.6640625 0.1625 0.10546875
2 0.25078125 0.334375 0.0953125 0.07421875
2 0.17578125 0.878125 0.165625 0.13515625
1 0.46796875 0.59375 0.0640625 0.06328125
1 0.60859375 0.603125 0.07265625 0.07890625
1 0.7234375 0.4328125 0.06796875 0.04296875
1 0.3421875 0.328125 0.05625 0.04921875
1 0.15703125 0.425 0.06875 0.04453125
1 0.12578125 0.59453125 0.05703125 0.06171875
1 0.77734375 0.6609375 0.07421875 0.06875
1 0.4421875 0.45078125 0.06640625 0.05
1 0.4015625 0.803125 0.078125 0.0625
2 0.471875 0.6015625 0.12734375 0.0484375
2 0.5484375 0.7109375 0.0875 0.04921875