3 0.23203125 0.42265625 0.4234375 0.6140625
3 0.71484375 0.47578125 0.425 0.58125
0 0.68359375 0.95078125 0.1078125 0.0984375
0 0.37109375 0.86953125 0.0578125 0.0859375
1 0.63203125 0.9 0.025 0.046875
1 0.47421875 0.921875 0.0328125 0.034375
1 0.58203125 0.1671875 0.025 0.0375
1 0.68828125 0.12421875 0.021875 0.0359375
1 0.69375 0.071875 0.025 0.0375
1 0.7875 0.2640625 0.0375 0.040625
1 0.73046875 0.3125 0.0234375 0.034375
1 0.71953125 0.34296875 0.0171875 0.0234375
1 0.67734375 0.38203125 0.0203125 0.0390625
1 0.61484375 0.37734375 0.0171875 0.0296875
1 0.57421875 0.55078125 0.0234375 0.0546875
1 0.5515625 0.546875 0.015625 0.03125
1 0.65234375 0.69296875 0.025 0.0359375
1 0.70703125 0.74609375 0.0203125 0.0359375
1 0.75234375 0.64140625 0.0203125 0.03125
1 0.7296875 0.66015625 0.025 0.0234375
1 0.74296875 0.55546875 0.0234375 0.0421875
1 0.79375 0.64609375 0.025 0.03125
1 0.8234375 0.66796875 0.021875 0.0265625
1 0.9078125 0.5125 0.021875 0.021875
1 0.8390625 0.478125 0.01875 0.025
1 0.8125 0.44140625 0.01875 0.0390625
1 0.82421875 0.36171875 0.0234375 0.0328125
1 0.86953125 0.39921875 0.0234375 0.0375
1 0.796875 0.27109375 0.021875 0.0296875
2 0.6640625 0.47421875 0.040625 0.053125
2 0.60234375 0.62578125 0.04375 0.0703125
2 0.60859375 0.68203125 0.0328125 0.05625
2 0.565625 0.6015625 0.03125 0.04375
2 0.55078125 0.471875 0.0359375 0.046875
2 0.5921875 0.45390625 0.028125 0.0453125
2 0.55703125 0.375 0.0375 0.08125
2 0.62890625 0.23671875 0.0359375 0.053125
2 0.690625 0.221875 0.05625 0.065625
2 0.65078125 0.084375 0.0515625 0.08125
2 0.59765625 0.8140625 0.0390625 0.071875
2 0.621875 0.84296875 0.05 0.0828125
2 0.72109375 0.68984375 0.0390625 0.0546875
2 0.7671875 0.71796875 0.0625 0.0671875
2 0.8828125 0.5421875 0.040625 0.05625
2 0.87109375 0.6390625 0.0203125 0.03125
2 0.8828125 0.48359375 0.0375 0.0484375
2 0.8609375 0.34609375 0.053125 0.0796875
2 0.82578125 0.2609375 0.0359375 0.04375
2 0.7640625 0.36796875 0.03125 0.0546875
2 0.75390625 0.42421875 0.040625 0.0546875
2 0.7890625 0.4546875 0.0375 0.046875
2 0.69921875 0.45859375 0.03125 0.0296875
2 0.7984375 0.59375 0.03125 0.046875
2 0.76015625 0.6 0.0328125 0.04375
2 0.77734375 0.55546875 0.0328125 0.0375
2 0.68203125 0.61953125 0.0390625 0.0671875
2 0.7046875 0.55546875 0.03125 0.0515625
2 0.74140625 0.5140625 0.04375 0.0625
2 0.675 0.7203125 0.04375 0.078125
2 0.70703125 0.4234375 0.0390625 0.05
2 0.60078125 0.2734375 0.0375 0.059375
2 0.7484375 0.2671875 0.03125 0.071875
2 0.83828125 0.64375 0.0390625 0.065625
2 0.8609375 0.4484375 0.053125 0.040625
1 0.81171875 0.51328125 0.0125 0.015625