3 0.6359375 0.371875 0.728125 0.74375
3 0.3328125 0.41484375 0.540625 0.4109375
2 0.8578125 0.5078125 0.146875 0.09375
2 0.7078125 0.38046875 0.15 0.1171875
2 0.4328125 0.5703125 0.128125 0.08125
2 0.2421875 0.3359375 0.1625 0.10625
2 0.74921875 0.665625 0.0953125 0.075
2 0.82421875 0.121875 0.165625 0.134375
1 0.53203125 0.40625 0.0640625 0.0625
1 0.39140625 0.396875 0.0734375 0.078125
1 0.2765625 0.5671875 0.06875 0.04375
1 0.6578125 0.671875 0.05625 0.05
1 0.84296875 0.575 0.06875 0.04375
1 0.87421875 0.40546875 0.0578125 0.0609375
1 0.22265625 0.3390625 0.0734375 0.06875
1 0.5578125 0.54921875 0.065625 0.05
1 0.5984375 0.196875 0.078125 0.0625
2 0.528125 0.3984375 0.128125 0.046875
2 0.4515625 0.2890625 0.0875 0.05