3 0.53125 0.5453125 0.9375 0.909375
1 0.87421875 0.16640625 0.0390625 0.0265625
1 0.73046875 0.2578125 0.0453125 0.03125
1 0.85546875 0.39375 0.0453125 0.03125
1 0.6734375 0.41484375 0.05 0.0328125
1 0.47734375 0.41015625 0.0421875 0.0296875
1 0.58125 0.525 0.040625 0.025
1 0.6671875 0.62109375 0.040625 0.0296875
1 0.67265625 0.73515625 0.0390625 0.0265625
1 0.7515625 0.88203125 0.040625 0.0296875
1 0.9828125 0.6265625 0.034375 0.028125
1 0.50703125 0.734375 0.0515625 0.028125
1 0.49765625 0.653125 0.0390625 0.025
1 0.39609375 0.721875 0.0453125 0.025
1 0.4734375 0.84609375 0.040625 0.0265625
1 0.2609375 0.65859375 0.040625 0.0296875
0 0.8140625 0.22109375 0.171875 0.0765625
0 0.93828125 0.36640625 0.1140625 0.1609375
0 0.6390625 0.28671875 0.075 0.1109375
0 0.7453125 0.42109375 0.08125 0.1328125
0 0.8546875 0.54296875 0.1 0.0765625
0 0.65078125 0.58515625 0.1953125 0.046875
0 0.79140625 0.70234375 0.121875 0.1546875
0 0.703125 0.84453125 0.146875 0.0640625
0 0.5453125 0.44609375 0.090625 0.1296875
0 0.353125 0.55390625 0.253125 0.0765625
0 0.29921875 0.66796875 0.1046875 0.0453125
0 0.5109375 0.85625 0.125 0.18125
0 0.4671875 0.69609375 0.265625 0.0828125