3 0.50546875 0.50625 0.8765625 0.68515625
1 0.56328125 0.87421875 0.06640625 0.03984375
1 0.1859375 0.55 0.0484375 0.03203125
1 0.6046875 0.6390625 0.04609375 0.04375
1 0.79375 0.45703125 0.03515625 0.0359375
1 0.36484375 0.48359375 0.0390625 0.02890625
1 0.41875 0.4859375 0.02578125 0.03203125
1 0.44375 0.39296875 0.06171875 0.04453125
1 0.38046875 0.3671875 0.0390625 0.0296875
1 0.3515625 0.3453125 0.0171875 0.01328125
1 0.32109375 0.36484375 0.04609375 0.0203125
1 0.38671875 0.73203125 0.0421875 0.03515625
1 0.48359375 0.45078125 0.04609375 0.03046875
1 0.2875 0.653125 0.0484375 0.03203125