3 0.57734375 0.23203125 0.61328125 0.42265625
3 0.52421875 0.71484375 0.58125 0.425
0 0.04921875 0.68359375 0.0984375 0.1078125
0 0.13046875 0.37109375 0.08671875 0.05859375
1 0.1 0.63203125 0.04609375 0.025
1 0.078125 0.47421875 0.034375 0.03203125
1 0.8328125 0.58203125 0.03671875 0.025
1 0.87578125 0.68828125 0.03515625 0.021875
1 0.928125 0.69375 0.03671875 0.02421875
1 0.7359375 0.7875 0.040625 0.03828125
1 0.6875 0.73046875 0.03515625 0.0234375
1 0.65703125 0.71953125 0.02421875 0.0171875
1 0.61796875 0.67734375 0.0390625 0.0203125
1 0.62265625 0.61484375 0.03046875 0.01640625
1 0.44921875 0.57421875 0.0546875 0.02421875
1 0.453125 0.5515625 0.03046875 0.01484375
1 0.30703125 0.65234375 0.03515625 0.025
1 0.25390625 0.70703125 0.03515625 0.0203125
1 0.35859375 0.75234375 0.03125 0.0203125
1 0.33984375 0.7296875 0.0234375 0.025
1 0.44453125 0.74296875 0.04296875 0.0234375
1 0.35390625 0.79375 0.03125 0.02421875
1 0.33203125 0.8234375 0.02734375 0.02265625
1 0.4875 0.9078125 0.02265625 0.0234375
1 0.521875 0.8390625 0.0234375 0.01875
1 0.55859375 0.8125 0.03828125 0.01796875
1 0.63828125 0.82421875 0.03203125 0.02265625
1 0.60078125 0.86953125 0.0375 0.02265625
1 0.72890625 0.796875 0.03046875 0.02109375
2 0.52578125 0.6640625 0.053125 0.03984375
2 0.37421875 0.60234375 0.06953125 0.04375
2 0.31796875 0.60859375 0.05625 0.0328125
2 0.3984375 0.565625 0.04375 0.03203125
2 0.528125 0.55078125 0.046875 0.03515625
2 0.54609375 0.5921875 0.0453125 0.02734375
2 0.625 0.55703125 0.0796875 0.0375
2 0.76328125 0.62890625 0.053125 0.03515625
2 0.778125 0.690625 0.065625 0.05703125
2 0.915625 0.65078125 0.08125 0.05078125
2 0.1859375 0.59765625 0.07265625 0.0390625
2 0.15703125 0.621875 0.08359375 0.0515625
2 0.31015625 0.72109375 0.05546875 0.0390625
2 0.28203125 0.7671875 0.06640625 0.06171875
2 0.4578125 0.8828125 0.05546875 0.04140625
2 0.3609375 0.87109375 0.03046875 0.02109375
2 0.51640625 0.8828125 0.0484375 0.03671875
2 0.65390625 0.8609375 0.0796875 0.0515625
2 0.7390625 0.82578125 0.04296875 0.0359375
2 0.63203125 0.7640625 0.05390625 0.03203125
2 0.57578125 0.75390625 0.05546875 0.040625
2 0.5453125 0.7890625 0.04765625 0.03671875
2 0.54140625 0.69921875 0.02890625 0.03125
2 0.40625 0.7984375 0.04609375 0.03203125
2 0.4 0.76015625 0.0453125 0.0328125
2 0.44453125 0.77734375 0.0375 0.03203125
2 0.38046875 0.68203125 0.06796875 0.03828125
2 0.44453125 0.7046875 0.05234375 0.03203125
2 0.4859375 0.74140625 0.06328125 0.04375
2 0.2796875 0.675 0.0765625 0.04375
2 0.5765625 0.70703125 0.05 0.03828125
2 0.7265625 0.60078125 0.06015625 0.0375
2 0.7328125 0.7484375 0.071875 0.03125
2 0.35625 0.83828125 0.06484375 0.03828125
2 0.5515625 0.8609375 0.040625 0.05234375
1 0.48671875 0.81171875 0.015625 0.0125