3 0.4984375 0.45 0.89453125 0.77265625
2 0.43828125 0.60625 0.140625 0.13125
2 0.27265625 0.51796875 0.13671875 0.10703125
2 0.69296875 0.51953125 0.15703125 0.16171875
2 0.77421875 0.328125 0.13203125 0.134375
2 0.73203125 0.2125 0.13359375 0.10703125
2 0.54453125 0.16015625 0.10234375 0.10390625
2 0.27734375 0.3125 0.1109375 0.09609375
2 0.43671875 0.3421875 0.1140625 0.0859375
2 0.6234375 0.328125 0.1296875 0.1375
0 0.3203125 0.63125 0.1640625 0.1015625
0 0.35234375 0.28984375 0.14296875 0.1546875
0 0.40078125 0.2046875 0.04921875 0.06640625
0 0.5453125 0.15390625 0.11640625 0.071875
0 0.61484375 0.2484375 0.14453125 0.1078125
0 0.79765625 0.421875 0.1171875 0.1859375
0 0.5328125 0.50078125 0.178125 0.1828125
0 0.3125 0.66328125 0.18828125 0.13828125
0 0.89765625 0.88671875 0.2046875 0.2265625
0 0.1765625 0.2078125 0.353125 0.41484375
0 0.98046875 0.32109375 0.03828125 0.13046875
1 0.2484375 0.3546875 0.046875 0.0609375
1 0.20625 0.61015625 0.0671875 0.06875
1 0.51953125 0.65859375 0.09453125 0.0875
1 0.4109375 0.4578125 0.07578125 0.0578125
1 0.49140625 0.2484375 0.0421875 0.071875
1 0.60390625 0.1203125 0.05703125 0.05703125
1 0.6453125 0.25703125 0.06015625 0.0515625
1 0.834375 0.2296875 0.05546875 0.06171875
1 0.725 0.4328125 0.08203125 0.05859375
2 0.6984375 0.63671875 0.1953125 0.0859375