3 0.5453125 0.46875 0.90859375 0.9375
1 0.16640625 0.12578125 0.02734375 0.0390625
1 0.2578125 0.26953125 0.03125 0.04609375
1 0.39375 0.14453125 0.03203125 0.04609375
1 0.41484375 0.3265625 0.0328125 0.05
1 0.41015625 0.52265625 0.0296875 0.04140625
1 0.525 0.41875 0.02578125 0.03984375
1 0.62109375 0.3328125 0.0296875 0.040625
1 0.73515625 0.32734375 0.02578125 0.0390625
1 0.88203125 0.2484375 0.0296875 0.040625
1 0.6265625 0.0171875 0.028125 0.034375
1 0.734375 0.49296875 0.02890625 0.05234375
1 0.653125 0.50234375 0.02578125 0.03828125
1 0.721875 0.60390625 0.0265625 0.0453125
1 0.84609375 0.5265625 0.02734375 0.0390625
1 0.65859375 0.7390625 0.02890625 0.04140625
0 0.22109375 0.1859375 0.07578125 0.1734375
0 0.36640625 0.06171875 0.16171875 0.1140625
0 0.28671875 0.3609375 0.11015625 0.07421875
0 0.42109375 0.2546875 0.13359375 0.08046875
0 0.54296875 0.1453125 0.07578125 0.1
0 0.58515625 0.34921875 0.046875 0.1953125
0 0.70234375 0.20859375 0.15390625 0.121875
0 0.84453125 0.296875 0.06484375 0.146875
0 0.44609375 0.4546875 0.13046875 0.08984375
0 0.55390625 0.646875 0.0765625 0.253125
0 0.66796875 0.70078125 0.04453125 0.1046875
0 0.85625 0.4890625 0.1828125 0.12421875
0 0.69609375 0.5328125 0.08203125 0.2640625