3 0.45 0.5015625 0.771875 0.89375
2 0.60625 0.56171875 0.13125 0.140625
2 0.51796875 0.72734375 0.1078125 0.1359375
2 0.51953125 0.30703125 0.1609375 0.1578125
2 0.328125 0.22578125 0.134375 0.1328125
2 0.2125 0.26796875 0.10625 0.1328125
2 0.16015625 0.45546875 0.1046875 0.1015625
2 0.3125 0.72265625 0.096875 0.1109375
2 0.3421875 0.56328125 0.084375 0.1140625
2 0.328125 0.3765625 0.1375 0.128125
0 0.63125 0.6796875 0.1 0.165625
0 0.28984375 0.64765625 0.1546875 0.1421875
0 0.2046875 0.59921875 0.065625 0.0484375
0 0.15390625 0.4546875 0.071875 0.115625
0 0.2484375 0.38515625 0.109375 0.1453125
0 0.421875 0.20234375 0.1875 0.1171875
0 0.50078125 0.4671875 0.1828125 0.178125
0 0.66328125 0.6875 0.1390625 0.1875
0 0.88671875 0.10234375 0.2265625 0.2046875
0 0.2078125 0.8234375 0.415625 0.353125
0 0.32109375 0.01953125 0.1296875 0.0390625
1 0.3546875 0.7515625 0.059375 0.046875
1 0.61015625 0.79375 0.06875 0.06875
1 0.65859375 0.48046875 0.0875 0.0953125
1 0.4578125 0.5890625 0.059375 0.075
1 0.2484375 0.50859375 0.071875 0.0421875
1 0.1203125 0.39609375 0.05625 0.0578125
1 0.25703125 0.3546875 0.0515625 0.059375
1 0.2296875 0.165625 0.0625 0.05625
1 0.4328125 0.275 0.059375 0.08125
2 0.63671875 0.3015625 0.0859375 0.196875