3 0.4546875 0.53125 0.909375 0.9375
1 0.83359375 0.87421875 0.0265625 0.0390625
1 0.7421875 0.73046875 0.03125 0.0453125
1 0.60625 0.85546875 0.03125 0.0453125
1 0.58515625 0.6734375 0.0328125 0.05
1 0.58984375 0.47734375 0.0296875 0.0421875
1 0.475 0.58125 0.025 0.040625
1 0.37890625 0.6671875 0.0296875 0.040625
1 0.26484375 0.67265625 0.0265625 0.0390625
1 0.11796875 0.7515625 0.0296875 0.040625
1 0.3734375 0.9828125 0.028125 0.034375
1 0.265625 0.50703125 0.028125 0.0515625
1 0.346875 0.49765625 0.025 0.0390625
1 0.278125 0.39609375 0.025 0.0453125
1 0.15390625 0.4734375 0.0265625 0.040625
1 0.34140625 0.2609375 0.0296875 0.040625
0 0.77890625 0.8140625 0.0765625 0.171875
0 0.63359375 0.93828125 0.1609375 0.1140625
0 0.71328125 0.6390625 0.1109375 0.075
0 0.57890625 0.7453125 0.1328125 0.08125
0 0.45703125 0.8546875 0.0765625 0.1
0 0.41484375 0.65078125 0.046875 0.1953125
0 0.29765625 0.79140625 0.1546875 0.121875
0 0.15546875 0.703125 0.0640625 0.146875
0 0.55390625 0.5453125 0.1296875 0.090625
0 0.44609375 0.353125 0.0765625 0.253125
0 0.33203125 0.29921875 0.0453125 0.1046875
0 0.14375 0.5109375 0.18125 0.125
0 0.30390625 0.4671875 0.0828125 0.265625