3 0.49375 0.50546875 0.684375 0.8765625
1 0.12578125 0.56328125 0.0390625 0.0671875
1 0.45 0.1859375 0.03125 0.046875
1 0.3609375 0.6046875 0.04375 0.046875
1 0.54296875 0.79375 0.0359375 0.034375
1 0.51640625 0.36484375 0.0296875 0.0390625
1 0.5140625 0.41875 0.03125 0.025
1 0.60703125 0.44375 0.0453125 0.0625
1 0.6328125 0.38046875 0.028125 0.0390625
1 0.6546875 0.3515625 0.0125 0.015625
1 0.63515625 0.32109375 0.0203125 0.0453125
1 0.26796875 0.38671875 0.0359375 0.0421875
1 0.54921875 0.48359375 0.0296875 0.0453125
1 0.346875 0.2875 0.03125 0.05