3 0.42578125 0.525 0.3046875 0.3125
3 0.79375 0.4671875 0.259375 0.815625
0 0.36640625 0.51484375 0.05 0.0765625
0 0.4484375 0.4765625 0.078125 0.06875
0 0.72265625 0.4296875 0.0171875 0.040625
0 0.69921875 0.384375 0.0140625 0.103125
0 0.7859375 0.2953125 0.040625 0.109375
0 0.78046875 0.7234375 0.0109375 0.046875
0 0.7671875 0.75625 0.01875 0.0125
0 0.778125 0.265625 0.01875 0.05625
0 0.7359375 0.5265625 0.021875 0.06875
0 0.76953125 0.528125 0.0265625 0.040625
0 0.759375 0.4796875 0.025 0.040625
0 0.6984375 0.38359375 0.015625 0.103125
0 0.76640625 0.7390625 0.0296875 0.046875
0 0.78203125 0.7078125 0.0125 0.078125
0 0.7890625 0.5203125 0.025 0.0375
0 0.859375 0.51640625 0.025 0.0671875
0 0.7390625 0.7078125 0.015625 0.021875
0 0.8171875 0.42109375 0.025 0.0734375
0 0.8546875 0.3671875 0.01875 0.025
0 0.8359375 0.2171875 0.021875 0.04375