3 0.58828125 0.5203125 0.1828125 0.38125
3 0.66015625 0.2671875 0.2640625 0.325
3 0.46875 0.453125 0.2 0.425
0 0.621875 0.6390625 0.05625 0.078125
0 0.57109375 0.5953125 0.0484375 0.0625
0 0.5546875 0.48203125 0.034375 0.1109375
0 0.69609375 0.2953125 0.0765625 0.178125
0 0.73671875 0.2140625 0.0734375 0.134375
0 0.615625 0.25078125 0.01875 0.0453125
0 0.4796875 0.41953125 0.1125 0.1609375
0 0.3953125 0.525 0.05625 0.16875
0 0.3984375 0.4015625 0.040625 0.078125
0 0.44140625 0.35625 0.04375 0.046875