3 0.41171875 0.4796875 0.1828125 0.38125
3 0.33984375 0.7328125 0.2640625 0.325
3 0.53125 0.546875 0.2 0.425
0 0.378125 0.3609375 0.05625 0.078125
0 0.42890625 0.4046875 0.0484375 0.0625
0 0.4453125 0.51796875 0.034375 0.1109375
0 0.30390625 0.7046875 0.0765625 0.178125
0 0.26328125 0.7859375 0.0734375 0.134375
0 0.384375 0.74921875 0.01875 0.0453125
0 0.5203125 0.58046875 0.1125 0.1609375
0 0.6046875 0.475 0.05625 0.16875
0 0.6015625 0.5984375 0.040625 0.078125
0 0.55859375 0.64375 0.04375 0.046875