3 0.475 0.42578125 0.3125 0.3046875
3 0.5328125 0.79375 0.815625 0.259375
0 0.48515625 0.36640625 0.0765625 0.05
0 0.5234375 0.4484375 0.06875 0.078125
0 0.5703125 0.72265625 0.040625 0.0171875
0 0.615625 0.69921875 0.103125 0.0140625
0 0.7046875 0.7859375 0.109375 0.040625
0 0.2765625 0.78046875 0.046875 0.0109375
0 0.24375 0.7671875 0.0125 0.01875
0 0.734375 0.778125 0.05625 0.01875
0 0.4734375 0.7359375 0.06875 0.021875
0 0.471875 0.76953125 0.040625 0.0265625
0 0.5203125 0.759375 0.040625 0.025
0 0.61640625 0.6984375 0.103125 0.015625
0 0.2609375 0.76640625 0.046875 0.0296875
0 0.2921875 0.78203125 0.078125 0.0125
0 0.4796875 0.7890625 0.0375 0.025
0 0.48359375 0.859375 0.0671875 0.025
0 0.2921875 0.7390625 0.021875 0.015625
0 0.57890625 0.8171875 0.0734375 0.025
0 0.6328125 0.8546875 0.025 0.01875
0 0.7828125 0.8359375 0.04375 0.021875