3 0.41171875 0.4796875 0.18203125 0.38203125
3 0.33984375 0.7328125 0.26484375 0.32578125
3 0.53125 0.546875 0.2015625 0.42578125
0 0.378125 0.3609375 0.05703125 0.07734375
0 0.42890625 0.4046875 0.0484375 0.06328125
0 0.4453125 0.51796875 0.0328125 0.11015625
0 0.30390625 0.7046875 0.07734375 0.1765625
0 0.26328125 0.7859375 0.07421875 0.13359375
0 0.384375 0.74921875 0.01953125 0.0453125
0 0.5203125 0.58046875 0.1125 0.1609375
0 0.6046875 0.475 0.05625 0.16796875
0 0.6015625 0.5984375 0.0421875 0.07734375
0 0.55859375 0.64375 0.04375 0.04609375