3 0.56953125 0.5421875 0.6953125 0.59296875
3 0.75234375 0.72734375 0.296875 0.31953125
2 0.359375 0.596875 0.1046875 0.1015625
2 0.3265625 0.51328125 0.08359375 0.09453125
2 0.371875 0.41796875 0.09453125 0.07109375
2 0.48671875 0.3546875 0.09140625 0.0953125
2 0.46015625 0.5265625 0.1078125 0.0859375
2 0.48984375 0.696875 0.096875 0.09921875
2 0.5375 0.609375 0.090625 0.10078125
2 0.634375 0.659375 0.021875 0.0859375
2 0.65078125 0.51875 0.11640625 0.09609375
2 0.7703125 0.54140625 0.109375 0.10234375
2 0.70546875 0.69375 0.1125 0.1015625
2 0.74921875 0.4171875 0.10546875 0.090625
2 0.6203125 0.34921875 0.103125 0.07109375
2 0.4828125 0.3625 0.0953125 0.07578125
2 0.37578125 0.4171875 0.0921875 0.065625
2 0.5453125 0.446875 0.10546875 0.08984375
2 0.66171875 0.61171875 0.0453125 0.03203125