3 0.5421875 0.43046875 0.59375 0.6953125
3 0.72734375 0.24765625 0.3203125 0.296875
2 0.596875 0.640625 0.1 0.10625
2 0.51328125 0.6734375 0.0953125 0.084375
2 0.41796875 0.628125 0.0703125 0.09375
2 0.3546875 0.51328125 0.096875 0.0921875
2 0.5265625 0.53984375 0.084375 0.1078125
2 0.696875 0.51015625 0.1 0.096875
2 0.609375 0.4625 0.1 0.090625
2 0.659375 0.365625 0.0875 0.021875
2 0.51875 0.34921875 0.096875 0.1171875
2 0.54140625 0.2296875 0.1015625 0.109375
2 0.69375 0.29453125 0.1 0.1125
2 0.4171875 0.25078125 0.090625 0.1046875
2 0.34921875 0.3796875 0.0703125 0.103125
2 0.3625 0.5171875 0.075 0.096875
2 0.4171875 0.62421875 0.065625 0.0921875
2 0.446875 0.4546875 0.090625 0.10625
2 0.61171875 0.33828125 0.0328125 0.0453125