3 0.53828125 0.77109375 0.43984375 0.103125
0 0.4390625 0.7890625 0.04453125 0.02421875
0 0.4109375 0.76953125 0.0546875 0.01015625
0 0.36328125 0.75546875 0.03203125 0.0109375
0 0.428125 0.73828125 0.06171875 0.0125
0 0.4734375 0.7609375 0.04453125 0.021875
0 0.58671875 0.771875 0.05703125 0.01015625
0 0.53828125 0.74375 0.0375 0.00859375
0 0.5546875 0.73125 0.03125 0.0078125
0 0.6859375 0.77734375 0.065625 0.015625
0 0.69765625 0.7625 0.0671875 0.01015625
0 0.5234375 0.77734375 0.06171875 0.0125
0 0.6484375 0.484375 0.05078125 0.02265625
0 0.578125 0.46953125 0.04296875 0.0109375
3 0.65078125 0.4890625 0.2015625 0.0453125
0 0.2765625 0.77578125 0.04921875 0.02265625