3 0.4578125 0.56953125 0.59375 0.6953125
3 0.27265625 0.75234375 0.3203125 0.296875
2 0.403125 0.359375 0.1 0.10625
2 0.48671875 0.3265625 0.0953125 0.084375
2 0.58203125 0.371875 0.0703125 0.09375
2 0.6453125 0.48671875 0.096875 0.0921875
2 0.4734375 0.46015625 0.084375 0.1078125
2 0.303125 0.48984375 0.1 0.096875
2 0.390625 0.5375 0.1 0.090625
2 0.340625 0.634375 0.0875 0.021875
2 0.48125 0.65078125 0.096875 0.1171875
2 0.45859375 0.7703125 0.1015625 0.109375
2 0.30625 0.70546875 0.1 0.1125
2 0.5828125 0.74921875 0.090625 0.1046875
2 0.65078125 0.6203125 0.0703125 0.103125
2 0.6375 0.4828125 0.075 0.096875
2 0.5828125 0.37578125 0.065625 0.0921875
2 0.553125 0.5453125 0.090625 0.10625
2 0.38828125 0.66171875 0.0328125 0.0453125