3 0.22890625 0.53828125 0.103125 0.4390625
0 0.2109375 0.4390625 0.025 0.04375
0 0.23046875 0.4109375 0.0109375 0.053125
0 0.24453125 0.36328125 0.0109375 0.0328125
0 0.26171875 0.428125 0.0125 0.0625
0 0.2390625 0.4734375 0.021875 0.04375
0 0.228125 0.58671875 0.009375 0.0578125
0 0.25625 0.53828125 0.009375 0.0375
0 0.26875 0.5546875 0.00625 0.03125
0 0.22265625 0.6859375 0.015625 0.065625
0 0.2375 0.69765625 0.009375 0.0671875
0 0.22265625 0.5234375 0.0125 0.0625
0 0.515625 0.6484375 0.021875 0.05
0 0.53046875 0.578125 0.0109375 0.04375
3 0.5109375 0.65078125 0.046875 0.2015625
0 0.22421875 0.2765625 0.0234375 0.05