3 0.5 0.35234375 1 0.7046875
0 0.14921875 0.0421875 0.1515625 0.084375
0 0.25 0.209375 0.234375 0.071875
0 0.03125 0.2 0.0625 0.06875
0 0.02421875 0.60234375 0.0484375 0.1015625
0 0.24296875 0.575 0.1390625 0.125
0 0.5015625 0.465625 0.203125 0.14375
0 0.828125 0.4359375 0.25625 0.153125
0 0.9609375 0.08046875 0.078125 0.1609375
0 0.83515625 0.2203125 0.3296875 0.103125
0 0.26953125 0.39140625 0.1703125 0.1453125
0 0.5484375 0.25234375 0.196875 0.1125
0 0.51328125 0.0796875 0.1484375 0.159375
1 0.6734375 0.09296875 0.065625 0.0359375
1 0.846875 0.16796875 0.065625 0.0484375
1 0.95546875 0.234375 0.0671875 0.053125
1 0.78203125 0.25703125 0.078125 0.0359375
1 0.56796875 0.21875 0.0515625 0.040625
1 0.55546875 0.35703125 0.0546875 0.0390625
1 0.54921875 0.52421875 0.0453125 0.0359375
1 0.34375 0.43359375 0.0625 0.0390625
1 0.11796875 0.375 0.0578125 0.04375
1 0.09921875 0.57578125 0.0734375 0.0390625
1 0.2296875 0.0625 0.046875 0.034375
1 0.4 0.0078125 0.053125 0.015625
1 0.01953125 0.1546875 0.0390625 0.0375