3 0.35234375 0.5 0.7046875 1
0 0.0421875 0.85078125 0.084375 0.15234375
0 0.209375 0.75 0.071875 0.23515625
0 0.2 0.96875 0.0671875 0.0625
0 0.60234375 0.97578125 0.10234375 0.04765625
0 0.575 0.75703125 0.1234375 0.13984375
0 0.465625 0.4984375 0.14375 0.2015625
0 0.4359375 0.171875 0.1546875 0.25546875
0 0.08046875 0.0390625 0.1609375 0.078125
0 0.2203125 0.16484375 0.10234375 0.3296875
0 0.39140625 0.73046875 0.14609375 0.16953125
0 0.25234375 0.4515625 0.1125 0.196875
0 0.0796875 0.48671875 0.159375 0.1484375
1 0.09296875 0.3265625 0.03671875 0.0640625
1 0.16796875 0.153125 0.04765625 0.065625
1 0.234375 0.04453125 0.05234375 0.06640625
1 0.25703125 0.21796875 0.03671875 0.078125
1 0.21875 0.43203125 0.04140625 0.0515625
1 0.35703125 0.44453125 0.0390625 0.0546875
1 0.52421875 0.45078125 0.03671875 0.04609375
1 0.43359375 0.65625 0.0390625 0.0640625
1 0.375 0.88203125 0.04296875 0.0578125
1 0.57578125 0.90078125 0.03828125 0.0734375
1 0.0625 0.7703125 0.03515625 0.0484375
1 0.0078125 0.6 0.015625 0.053125
1 0.1546875 0.98046875 0.03828125 0.03828125