3 0.4984375 0.35703125 0.575 0.7140625
2 0.296875 0.56875 0.084375 0.1375
2 0.46484375 0.49765625 0.08359375 0.13046875
2 0.4484375 0.25 0.09140625 0.1234375
2 0.32265625 0.2421875 0.10078125 0.13515625
2 0.39296875 0.071875 0.10078125 0.14375
2 0.5421875 0.0171875 0.0703125 0.034375
2 0.68671875 0.02734375 0.0703125 0.0546875
2 0.621875 0.25546875 0.09375 0.13984375
2 0.6546875 0.49765625 0.09453125 0.1265625
0 0.45703125 0.01171875 0.0296875 0.0234375
0 0.3046875 0.103125 0.134375 0.140625
0 0.25234375 0.2671875 0.04296875 0.14453125
0 0.3609375 0.475 0.09609375 0.12578125
0 0.25546875 0.59296875 0.05625 0.1609375
0 0.525 0.43125 0.0671875 0.1546875
0 0.53671875 0.21796875 0.08828125 0.0609375
0 0.57109375 0.10546875 0.08203125 0.053125
0 0.7078125 0.10625 0.115625 0.0546875
0 0.7171875 0.30859375 0.1125 0.1421875
0 0.6828125 0.56015625 0.14453125 0.234375
0 0.51875 0.428125 0.078125 0.153125
0 0.43984375 0.64375 0.0828125 0.08828125
0 0.25 0.59765625 0.0578125 0.15625