3 0.49140625 0.45234375 0.5953125 0.7328125
0 0.57734375 0.2578125 0.0984375 0.184375
0 0.83515625 0.21328125 0.08125 0.0953125
0 0.76875 0.19609375 0.096875 0.2484375
0 0.71171875 0.403125 0.1265625 0.165625
0 0.9671875 0.50234375 0.065625 0.04375
0 0.821875 0.72421875 0.09375 0.2171875
0 0.725 0.725 0.06875 0.146875
0 0.9140625 0.81640625 0.128125 0.1234375
0 0.846875 0.92421875 0.071875 0.1515625
0 0.67734375 0.83359375 0.2046875 0.1328125
0 0.60078125 0.93515625 0.11875 0.1265625
0 0.26640625 0.86875 0.0734375 0.21875
0 0.19609375 0.67265625 0.1328125 0.1421875
0 0.09453125 0.56640625 0.1234375 0.1296875
0 0.21640625 0.23125 0.0953125 0.13125
0 0.31171875 0.0765625 0.1203125 0.128125
0 0.39375 0.0359375 0.078125 0.071875
0 0.55546875 0.021875 0.0546875 0.04375
0 0.46796875 0.453125 0.3140625 0.3875