3 0.50859375 0.54765625 0.5953125 0.73203125
0 0.42265625 0.7421875 0.0984375 0.184375
0 0.16484375 0.78671875 0.08125 0.09453125
0 0.23125 0.80390625 0.09765625 0.2484375
0 0.28828125 0.596875 0.12734375 0.165625
0 0.0328125 0.49765625 0.0640625 0.04375
0 0.178125 0.27578125 0.09375 0.21796875
0 0.275 0.275 0.06953125 0.14765625
0 0.0859375 0.18359375 0.1296875 0.1234375
0 0.153125 0.07578125 0.071875 0.15078125
0 0.32265625 0.16640625 0.20546875 0.13359375
0 0.39921875 0.06484375 0.11875 0.1265625
0 0.73359375 0.13125 0.0734375 0.2171875
0 0.80390625 0.32734375 0.1328125 0.1421875
0 0.90546875 0.43359375 0.1234375 0.12890625
0 0.78359375 0.76875 0.09453125 0.13125
0 0.68828125 0.9234375 0.11953125 0.1265625
0 0.60625 0.9640625 0.078125 0.071875
0 0.44453125 0.978125 0.0546875 0.04296875
0 0.53203125 0.546875 0.31484375 0.3859375