3 0.35703125 0.5015625 0.7140625 0.575
2 0.56875 0.703125 0.1375 0.084375
2 0.49765625 0.53515625 0.1296875 0.0828125
2 0.25 0.5515625 0.125 0.090625
2 0.2421875 0.67734375 0.134375 0.1015625
2 0.071875 0.60703125 0.14375 0.1015625
2 0.0171875 0.4578125 0.034375 0.071875
2 0.02734375 0.31328125 0.0546875 0.0703125
2 0.25546875 0.378125 0.1390625 0.09375
2 0.49765625 0.3453125 0.1265625 0.09375
0 0.01171875 0.54296875 0.0234375 0.0296875
0 0.103125 0.6953125 0.140625 0.134375
0 0.2671875 0.74765625 0.14375 0.0421875
0 0.475 0.6390625 0.125 0.096875
0 0.59296875 0.74453125 0.1609375 0.05625
0 0.43125 0.475 0.15625 0.06875
0 0.21796875 0.46328125 0.0609375 0.0890625
0 0.10546875 0.42890625 0.053125 0.0828125
0 0.10625 0.2921875 0.05625 0.115625
0 0.30859375 0.2828125 0.1421875 0.1125
0 0.56015625 0.3171875 0.234375 0.14375
0 0.428125 0.48125 0.153125 0.078125
0 0.64375 0.56015625 0.0875 0.0828125
0 0.59765625 0.75 0.15625 0.05625