3 0.46484375 0.60234375 0.9296875 0.7953125
1 0.2625 0.6625 0.0765625 0.0734375
1 0.08203125 0.690625 0.08984375 0.07109375
1 0.02578125 0.73046875 0.0515625 0.0359375
1 0.2296875 0.77109375 0.09765625 0.0859375
1 0.14765625 0.80625 0.08359375 0.0734375
1 0.0625 0.821875 0.1109375 0.07265625
1 0.18125 0.98359375 0.1125 0.0328125
1 0.5 0.73671875 0.11875 0.09921875
1 0.5359375 0.66796875 0.1390625 0.10234375
1 0.64765625 0.60234375 0.071875 0.08046875
1 0.54453125 0.5671875 0.075 0.09296875
1 0.3875 0.54765625 0.07109375 0.05859375
1 0.48203125 0.37578125 0.078125 0.0703125
1 0.421875 0.321875 0.0671875 0.06796875
1 0.5515625 0.28671875 0.08515625 0.06171875
1 0.3359375 0.3671875 0.06015625 0.0765625
1 0.28046875 0.33203125 0.03984375 0.03359375
1 0.0328125 0.28671875 0.06484375 0.0796875
1 0.0421875 0.50625 0.084375 0.05
1 0.08125 0.46953125 0.084375 0.0578125
1 0.14375 0.4140625 0.05 0.078125
1 0.425 0.86328125 0.0828125 0.08359375
1 0.6625 0.79453125 0.06875 0.05390625
1 0.684375 0.14453125 0.0796875 0.08359375
1 0.66875 0.08125 0.0671875 0.07109375
1 0.73984375 0.04375 0.06328125 0.0734375
1 0.80234375 0.06875 0.0765625 0.0484375
1 0.75078125 0.1265625 0.08515625 0.05078125
1 0.77109375 0.18125 0.08125 0.046875
1 0.834375 0.11796875 0.0609375 0.05703125
1 0.87734375 0.109375 0.05546875 0.08515625
1 0.83125 0.1671875 0.0890625 0.0390625
1 0.13515625 0.54765625 0.06640625 0.0421875