3 0.60234375 0.53515625 0.7953125 0.9296875
1 0.6625 0.7375 0.075 0.075
1 0.690625 0.91796875 0.071875 0.0890625
1 0.73046875 0.97421875 0.0359375 0.0515625
1 0.77109375 0.7703125 0.0859375 0.096875
1 0.80625 0.85234375 0.075 0.0828125
1 0.821875 0.9375 0.071875 0.1125
1 0.98359375 0.81875 0.0328125 0.1125
1 0.73671875 0.5 0.0984375 0.11875
1 0.66796875 0.4640625 0.1015625 0.140625
1 0.60234375 0.35234375 0.0796875 0.071875
1 0.5671875 0.45546875 0.09375 0.075
1 0.54765625 0.6125 0.0578125 0.071875
1 0.37578125 0.51796875 0.0703125 0.078125
1 0.321875 0.578125 0.06875 0.06875
1 0.28671875 0.4484375 0.0609375 0.084375
1 0.3671875 0.6640625 0.078125 0.059375
1 0.33203125 0.71953125 0.0328125 0.0390625
1 0.28671875 0.9671875 0.0796875 0.065625
1 0.50625 0.9578125 0.05 0.084375
1 0.46953125 0.91875 0.0578125 0.084375
1 0.4140625 0.85625 0.078125 0.05
1 0.86328125 0.575 0.0828125 0.08125
1 0.79453125 0.3375 0.0546875 0.06875
1 0.14453125 0.315625 0.0828125 0.08125
1 0.08125 0.33125 0.071875 0.06875
1 0.04375 0.26015625 0.075 0.0640625
1 0.06875 0.19765625 0.05 0.0765625
1 0.1265625 0.24921875 0.05 0.0859375
1 0.18125 0.22890625 0.046875 0.08125
1 0.11796875 0.165625 0.0578125 0.0625
1 0.109375 0.12265625 0.084375 0.0546875
1 0.1671875 0.16875 0.040625 0.0875
1 0.54765625 0.86484375 0.0421875 0.0671875