3 0.53515625 0.39765625 0.9296875 0.7953125
1 0.7375 0.3375 0.075 0.075
1 0.91796875 0.309375 0.0890625 0.071875
1 0.97421875 0.26953125 0.0515625 0.0359375
1 0.7703125 0.22890625 0.096875 0.0859375
1 0.85234375 0.19375 0.0828125 0.075
1 0.9375 0.178125 0.1125 0.071875
1 0.81875 0.01640625 0.1125 0.0328125
1 0.5 0.26328125 0.11875 0.0984375
1 0.4640625 0.33203125 0.140625 0.1015625
1 0.35234375 0.39765625 0.071875 0.0796875
1 0.45546875 0.4328125 0.075 0.09375
1 0.6125 0.45234375 0.071875 0.0578125
1 0.51796875 0.62421875 0.078125 0.0703125
1 0.578125 0.678125 0.06875 0.06875
1 0.4484375 0.71328125 0.084375 0.0609375
1 0.6640625 0.6328125 0.059375 0.078125
1 0.71953125 0.66796875 0.0390625 0.0328125
1 0.9671875 0.71328125 0.065625 0.0796875
1 0.9578125 0.49375 0.084375 0.05
1 0.91875 0.53046875 0.084375 0.0578125
1 0.85625 0.5859375 0.05 0.078125
1 0.575 0.13671875 0.08125 0.0828125
1 0.3375 0.20546875 0.06875 0.0546875
1 0.315625 0.85546875 0.08125 0.0828125
1 0.33125 0.91875 0.06875 0.071875
1 0.26015625 0.95625 0.0640625 0.075
1 0.19765625 0.93125 0.0765625 0.05
1 0.24921875 0.8734375 0.0859375 0.05
1 0.22890625 0.81875 0.08125 0.046875
1 0.165625 0.88203125 0.0625 0.0578125
1 0.12265625 0.890625 0.0546875 0.084375
1 0.16875 0.8328125 0.0875 0.040625
1 0.86484375 0.45234375 0.0671875 0.0421875