3 0.50625 0.52890625 0.659375 0.5734375
2 0.63984375 0.384375 0.0796875 0.05
2 0.6 0.434375 0.05 0.046875
2 0.728125 0.409375 0.065625 0.05625
2 0.75078125 0.53671875 0.0609375 0.05625
2 0.64765625 0.5796875 0.0671875 0.059375
2 0.52890625 0.52890625 0.0671875 0.0546875
2 0.525 0.46640625 0.065625 0.0453125
2 0.4484375 0.4109375 0.0625 0.05625
2 0.44140625 0.346875 0.0734375 0.059375
2 0.3640625 0.471875 0.0625 0.059375
2 0.2765625 0.45078125 0.065625 0.0546875
2 0.365625 0.58203125 0.0625 0.0546875
2 0.44921875 0.5921875 0.0609375 0.059375
2 0.61328125 0.68203125 0.06875 0.0609375
2 0.51953125 0.734375 0.0640625 0.0625
2 0.37578125 0.68671875 0.0796875 0.0484375
2 0.29140625 0.6375 0.0578125 0.05625