3 0.52890625 0.49375 0.5734375 0.659375
2 0.384375 0.36015625 0.05 0.0796875
2 0.434375 0.4 0.046875 0.05
2 0.409375 0.271875 0.05625 0.065625
2 0.53671875 0.24921875 0.05625 0.0609375
2 0.5796875 0.35234375 0.059375 0.0671875
2 0.52890625 0.47109375 0.0546875 0.0671875
2 0.46640625 0.475 0.0453125 0.065625
2 0.4109375 0.5515625 0.05625 0.0625
2 0.346875 0.55859375 0.059375 0.0734375
2 0.471875 0.6359375 0.059375 0.0625
2 0.45078125 0.7234375 0.0546875 0.065625
2 0.58203125 0.634375 0.0546875 0.0625
2 0.5921875 0.55078125 0.059375 0.0609375
2 0.68203125 0.38671875 0.0609375 0.06875
2 0.734375 0.48046875 0.0625 0.0640625
2 0.68671875 0.62421875 0.0484375 0.0796875
2 0.6375 0.70859375 0.05625 0.0578125