3 0.80390625 0.6484375 0.2171875 0.396875
3 0.71953125 0.72265625 0.1703125 0.3703125
3 0.81015625 0.4234375 0.2109375 0.284375
3 0.56328125 0.7390625 0.1609375 0.303125
3 0.78515625 0.28984375 0.1671875 0.3484375
3 0.55859375 0.55546875 0.2109375 0.284375
3 0.64453125 0.27578125 0.1609375 0.3828125
3 0.5671875 0.31015625 0.203125 0.3203125
2 0.834375 0.634375 0.05625 0.09375
2 0.78828125 0.5953125 0.0515625 0.1
2 0.79609375 0.73515625 0.0390625 0.0890625
2 0.76875 0.75546875 0.0375 0.0765625
2 0.709375 0.80703125 0.05 0.09375
2 0.7171875 0.67265625 0.053125 0.1078125
2 0.60859375 0.7796875 0.0515625 0.096875
2 0.85625 0.4765625 0.05 0.09375
2 0.834375 0.365625 0.05625 0.075
2 0.78125 0.42890625 0.04375 0.0734375
2 0.8140625 0.30546875 0.040625 0.0515625
2 0.7578125 0.36875 0.046875 0.075
2 0.74296875 0.23359375 0.0375 0.0984375
2 0.70234375 0.21015625 0.0203125 0.0953125
2 0.67265625 0.3109375 0.053125 0.10625
2 0.56015625 0.290625 0.0515625 0.1
2 0.63984375 0.209375 0.0546875 0.09375
2 0.58828125 0.40234375 0.053125 0.0921875
2 0.53046875 0.39921875 0.0515625 0.053125
2 0.578125 0.46171875 0.0375 0.0328125
2 0.52109375 0.46328125 0.05 0.0609375
2 0.52265625 0.57109375 0.0515625 0.0859375
2 0.58046875 0.5625 0.0546875 0.09375
2 0.68828125 0.59296875 0.0171875 0.0609375
2 0.61953125 0.68359375 0.0515625 0.0890625
2 0.55625 0.709375 0.05625 0.09375
0 0.65546875 0.584375 0.065625 0.221875