3 0.5703125 0.5125 0.684375 0.7
2 0.53515625 0.3171875 0.1234375 0.121875
2 0.4546875 0.55625 0.125 0.115625
2 0.55390625 0.465625 0.0484375 0.040625
2 0.44609375 0.4109375 0.0421875 0.021875
2 0.5359375 0.70546875 0.05 0.0421875
2 0.61796875 0.60078125 0.1234375 0.1140625
2 0.725 0.69921875 0.096875 0.115625
2 0.81484375 0.56953125 0.1015625 0.0890625
2 0.6859375 0.46015625 0.096875 0.1125
2 0.69921875 0.29375 0.0890625 0.10625
2 0.6453125 0.38359375 0.03125 0.0484375
1 0.75 0.40234375 0.0375 0.0421875
1 0.6640625 0.31640625 0.059375 0.0515625
1 0.77265625 0.48125 0.05 0.04375
1 0.72109375 0.609375 0.028125 0.03125
1 0.76171875 0.6765625 0.0390625 0.046875
1 0.628125 0.7171875 0.05625 0.040625
1 0.58671875 0.5609375 0.0546875 0.046875
1 0.4 0.6359375 0.059375 0.040625
1 0.3578125 0.52578125 0.0375 0.0453125
1 0.4234375 0.34453125 0.059375 0.0484375
1 0.5265625 0.3703125 0.059375 0.05
1 0.5984375 0.453125 0.046875 0.05