3 0.19609375 0.3515625 0.21640625 0.39609375
3 0.28046875 0.27734375 0.1703125 0.3703125
3 0.18984375 0.5765625 0.21015625 0.2859375
3 0.43671875 0.2609375 0.16015625 0.30234375
3 0.21484375 0.71015625 0.16640625 0.34921875
3 0.44140625 0.44453125 0.2109375 0.284375
3 0.35546875 0.72421875 0.16171875 0.38203125
3 0.4328125 0.68984375 0.20234375 0.32109375
2 0.165625 0.365625 0.05625 0.0953125
2 0.21171875 0.4046875 0.05234375 0.09921875
2 0.20390625 0.26484375 0.0390625 0.08984375
2 0.23125 0.24453125 0.0375 0.0765625
2 0.290625 0.19296875 0.0515625 0.09375
2 0.2828125 0.32734375 0.053125 0.1078125
2 0.39140625 0.2203125 0.05234375 0.096875
2 0.14375 0.5234375 0.04921875 0.09453125
2 0.165625 0.634375 0.0546875 0.07421875
2 0.21875 0.57109375 0.0453125 0.0734375
2 0.1859375 0.69453125 0.04140625 0.05234375
2 0.2421875 0.63125 0.0453125 0.0734375
2 0.25703125 0.76640625 0.0375 0.09765625
2 0.29765625 0.78984375 0.0203125 0.0953125
2 0.32734375 0.6890625 0.053125 0.10546875
2 0.43984375 0.709375 0.0515625 0.10078125
2 0.36015625 0.790625 0.0546875 0.09375
2 0.41171875 0.59765625 0.053125 0.09140625
2 0.46953125 0.60078125 0.0515625 0.053125
2 0.421875 0.53828125 0.03671875 0.0328125
2 0.47890625 0.53671875 0.05 0.06015625
2 0.47734375 0.42890625 0.0515625 0.08671875
2 0.41953125 0.4375 0.05390625 0.0921875
2 0.31171875 0.40703125 0.01640625 0.0609375
2 0.38046875 0.31640625 0.05234375 0.0890625
2 0.44375 0.290625 0.05703125 0.0921875
0 0.34453125 0.415625 0.065625 0.22265625