3 0.5078125 0.225 0.55 0.36875
0 0.89609375 0.3703125 0.2046875 0.290625
0 0.43671875 0.33671875 0.1359375 0.0515625
0 0.57265625 0.3390625 0.1296875 0.05625
0 0.6421875 0.18671875 0.08125 0.0578125
0 0.48125 0.0859375 0.115625 0.03125
0 0.34609375 0.19453125 0.0703125 0.1046875
0 0.5078125 0.2359375 0.096875 0.084375
1 0.59609375 0.30234375 0.0359375 0.0171875
1 0.5734375 0.2859375 0.034375 0.021875
1 0.6390625 0.26015625 0.040625 0.0171875
1 0.58828125 0.2484375 0.021875 0.015625
1 0.57109375 0.23125 0.034375 0.0125
1 0.63828125 0.24609375 0.0453125 0.0171875
1 0.46953125 0.26328125 0.0296875 0.0203125
1 0.5109375 0.11875 0.034375 0.028125
1 0.50703125 0.146875 0.0359375 0.034375
1 0.5546875 0.125 0.040625 0.01875
1 0.6171875 0.13359375 0.025 0.0171875
1 0.5796875 0.1453125 0.046875 0.0625
1 0.559375 0.09765625 0.025 0.0203125
1 0.3359375 0.26640625 0.034375 0.0203125
1 0.32578125 0.240625 0.0328125 0.021875
0 0.346875 0.3078125 0.08125 0.0375