3 0.4296875 0.4875 0.684375 0.7
2 0.46484375 0.6828125 0.1234375 0.121875
2 0.5453125 0.44375 0.125 0.115625
2 0.44609375 0.534375 0.0484375 0.040625
2 0.55390625 0.5890625 0.0421875 0.021875
2 0.4640625 0.29453125 0.05 0.0421875
2 0.38203125 0.39921875 0.1234375 0.1140625
2 0.275 0.30078125 0.096875 0.115625
2 0.18515625 0.43046875 0.1015625 0.0890625
2 0.3140625 0.53984375 0.096875 0.1125
2 0.30078125 0.70625 0.0890625 0.10625
2 0.3546875 0.61640625 0.03125 0.0484375
1 0.25 0.59765625 0.0375 0.0421875
1 0.3359375 0.68359375 0.059375 0.0515625
1 0.22734375 0.51875 0.05 0.04375
1 0.27890625 0.390625 0.028125 0.03125
1 0.23828125 0.3234375 0.0390625 0.046875
1 0.371875 0.2828125 0.05625 0.040625
1 0.41328125 0.4390625 0.0546875 0.046875
1 0.6 0.3640625 0.059375 0.040625
1 0.6421875 0.47421875 0.0375 0.0453125
1 0.5765625 0.65546875 0.059375 0.0484375
1 0.4734375 0.6296875 0.059375 0.05
1 0.4015625 0.546875 0.046875 0.05