3 0.6484375 0.19609375 0.396875 0.2171875
3 0.72265625 0.28046875 0.3703125 0.1703125
3 0.4234375 0.18984375 0.284375 0.2109375
3 0.7390625 0.43671875 0.303125 0.1609375
3 0.28984375 0.21484375 0.3484375 0.1671875
3 0.55546875 0.44140625 0.284375 0.2109375
3 0.27578125 0.35546875 0.3828125 0.1609375
3 0.31015625 0.4328125 0.3203125 0.203125
2 0.634375 0.165625 0.09375 0.05625
2 0.5953125 0.21171875 0.1 0.0515625
2 0.73515625 0.20390625 0.0890625 0.0390625
2 0.75546875 0.23125 0.0765625 0.0375
2 0.80703125 0.290625 0.09375 0.05
2 0.67265625 0.2828125 0.1078125 0.053125
2 0.7796875 0.39140625 0.096875 0.0515625
2 0.4765625 0.14375 0.09375 0.05
2 0.365625 0.165625 0.075 0.05625
2 0.42890625 0.21875 0.0734375 0.04375
2 0.30546875 0.1859375 0.0515625 0.040625
2 0.36875 0.2421875 0.075 0.046875
2 0.23359375 0.25703125 0.0984375 0.0375
2 0.21015625 0.29765625 0.0953125 0.0203125
2 0.3109375 0.32734375 0.10625 0.053125
2 0.290625 0.43984375 0.1 0.0515625
2 0.209375 0.36015625 0.09375 0.0546875
2 0.40234375 0.41171875 0.0921875 0.053125
2 0.39921875 0.46953125 0.053125 0.0515625
2 0.46171875 0.421875 0.0328125 0.0375
2 0.46328125 0.47890625 0.0609375 0.05
2 0.57109375 0.47734375 0.0859375 0.0515625
2 0.5625 0.41953125 0.09375 0.0546875
2 0.59296875 0.31171875 0.0609375 0.0171875
2 0.68359375 0.38046875 0.0890625 0.0515625
2 0.709375 0.44375 0.09375 0.05625
0 0.584375 0.34453125 0.221875 0.065625