3 0.775 0.5078125 0.36796875 0.55
0 0.6296875 0.89609375 0.28984375 0.20546875
0 0.66328125 0.43671875 0.0515625 0.13671875
0 0.6609375 0.57265625 0.05703125 0.1296875
0 0.81328125 0.6421875 0.05859375 0.08203125
0 0.9140625 0.48125 0.03203125 0.11640625
0 0.80546875 0.34609375 0.10390625 0.07109375
0 0.7640625 0.5078125 0.08359375 0.0984375
1 0.69765625 0.59609375 0.01796875 0.03515625
1 0.7140625 0.5734375 0.02265625 0.0359375
1 0.73984375 0.6390625 0.01640625 0.0390625
1 0.7515625 0.58828125 0.0171875 0.021875
1 0.76875 0.57109375 0.01328125 0.034375
1 0.75390625 0.63828125 0.01796875 0.04609375
1 0.73671875 0.46953125 0.01953125 0.03046875
1 0.88125 0.5109375 0.02890625 0.034375
1 0.853125 0.50703125 0.034375 0.03515625
1 0.875 0.5546875 0.01875 0.0390625
1 0.86640625 0.6171875 0.01796875 0.02578125
1 0.8546875 0.5796875 0.06328125 0.0484375
1 0.90234375 0.559375 0.01953125 0.025
1 0.73359375 0.3359375 0.0203125 0.0359375
1 0.759375 0.32578125 0.02265625 0.03203125
0 0.6921875 0.346875 0.03828125 0.08046875