3 0.4921875 0.775 0.55 0.36875
0 0.10390625 0.6296875 0.2046875 0.290625
0 0.56328125 0.66328125 0.1359375 0.0515625
0 0.42734375 0.6609375 0.1296875 0.05625
0 0.3578125 0.81328125 0.08125 0.0578125
0 0.51875 0.9140625 0.115625 0.03125
0 0.65390625 0.80546875 0.0703125 0.1046875
0 0.4921875 0.7640625 0.096875 0.084375
1 0.40390625 0.69765625 0.0359375 0.0171875
1 0.4265625 0.7140625 0.034375 0.021875
1 0.3609375 0.73984375 0.040625 0.0171875
1 0.41171875 0.7515625 0.021875 0.015625
1 0.42890625 0.76875 0.034375 0.0125
1 0.36171875 0.75390625 0.0453125 0.0171875
1 0.53046875 0.73671875 0.0296875 0.0203125
1 0.4890625 0.88125 0.034375 0.028125
1 0.49296875 0.853125 0.0359375 0.034375
1 0.4453125 0.875 0.040625 0.01875
1 0.3828125 0.86640625 0.025 0.0171875
1 0.4203125 0.8546875 0.046875 0.0625
1 0.440625 0.90234375 0.025 0.0203125
1 0.6640625 0.73359375 0.034375 0.0203125
1 0.67421875 0.759375 0.0328125 0.021875
0 0.653125 0.6921875 0.08125 0.0375