3 0.5125 0.4296875 0.7015625 0.68359375
2 0.3171875 0.46484375 0.1203125 0.12265625
2 0.55625 0.5453125 0.115625 0.125
2 0.465625 0.44609375 0.040625 0.04765625
2 0.4109375 0.55390625 0.0234375 0.04296875
2 0.70546875 0.4640625 0.04296875 0.05
2 0.60078125 0.38203125 0.11484375 0.1234375
2 0.69921875 0.275 0.115625 0.09609375
2 0.56953125 0.18515625 0.0890625 0.10078125
2 0.46015625 0.3140625 0.1125 0.0984375
2 0.29375 0.30078125 0.1046875 0.0890625
2 0.38359375 0.3546875 0.04765625 0.03125
1 0.40234375 0.25 0.0421875 0.0375
1 0.31640625 0.3359375 0.0515625 0.059375
1 0.48125 0.22734375 0.0453125 0.05
1 0.609375 0.27890625 0.03203125 0.028125
1 0.6765625 0.23828125 0.04609375 0.03984375
1 0.7171875 0.371875 0.040625 0.05546875
1 0.5609375 0.41328125 0.04609375 0.05390625
1 0.6359375 0.6 0.040625 0.05859375
1 0.52578125 0.6421875 0.0453125 0.0375
1 0.34453125 0.5765625 0.04765625 0.05859375
1 0.3703125 0.4734375 0.05 0.06015625
1 0.453125 0.4015625 0.0484375 0.04609375