3 0.6921875 0.4796875 0.61171875 0.959375
0 0.171875 0.0609375 0.25 0.121875
0 0.17421875 0.26171875 0.2953125 0.34765625
0 0.5203125 0.05 0.115625 0.1
0 0.5015625 0.28046875 0.05859375 0.1671875
0 0.89765625 0.4890625 0.13671875 0.2796875
0 0.9125 0.2140625 0.1078125 0.13515625
0 0.74140625 0.0984375 0.1359375 0.19609375
0 0.503125 0.278125 0.06484375 0.175
0 0.628125 0.759375 0.22109375 0.1609375
0 0.490625 0.53359375 0.07734375 0.08515625
0 0.56171875 0.6515625 0.13125 0.0625
2 0.47109375 0.56484375 0.10234375 0.2046875
2 0.53203125 0.67421875 0.13984375 0.18359375
2 0.4796875 0.2671875 0.125 0.2671875
2 0.90546875 0.19296875 0.1890625 0.2203125
2 0.73203125 0.48203125 0.0546875 0.2265625
2 0.9375 0.6875 0.125 0.215625
2 0.83203125 0.72578125 0.10078125 0.1609375
2 0.63359375 0.6796875 0.07265625 0.071875
2 0.540625 0.1203125 0.06953125 0.08671875
2 0.65859375 0.740625 0.10234375 0.1203125
1 0.58515625 0.03515625 0.04296875 0.0703125
1 0.62421875 0.2921875 0.0578125 0.06953125
1 0.50546875 0.4453125 0.04609375 0.06875
1 0.515625 0.54921875 0.02109375 0.03515625
1 0.62578125 0.61484375 0.02734375 0.0390625
1 0.7390625 0.81171875 0.0609375 0.08828125
1 0.7421875 0.684375 0.06171875 0.0921875
1 0.9859375 0.8015625 0.028125 0.07890625
1 0.8984375 0.7734375 0.05234375 0.06015625
1 0.94296875 0.059375 0.02578125 0.02421875
1 0.7703125 0.0640625 0.0453125 0.08203125
1 0.84375 0.14609375 0.07265625 0.05546875