3 0.54765625 0.56875 0.8296875 0.59375
0 0.95859375 0.42265625 0.0828125 0.1796875
0 0.28671875 0.22578125 0.3953125 0.3125
1 0.41171875 0.68984375 0.0421875 0.0515625
1 0.259375 0.58359375 0.03125 0.0390625
1 0.33984375 0.58203125 0.0203125 0.0296875
1 0.3375 0.62734375 0.028125 0.0375
1 0.53125 0.5234375 0.0375 0.046875
1 0.46328125 0.60546875 0.0265625 0.040625
1 0.3875 0.609375 0.053125 0.090625
1 0.4375 0.5953125 0.025 0.021875
1 0.5796875 0.6265625 0.021875 0.040625
1 0.65859375 0.59609375 0.0328125 0.0484375
1 0.67265625 0.65703125 0.0296875 0.0421875
1 0.76953125 0.5921875 0.0375 0.040625
1 0.815625 0.59140625 0.040625 0.0515625
1 0.7296875 0.4875 0.034375 0.0375
1 0.70078125 0.4921875 0.0296875 0.03125
1 0.61484375 0.40703125 0.0296875 0.034375
1 0.47578125 0.44140625 0.0203125 0.0375
1 0.46796875 0.484375 0.0234375 0.034375
1 0.4359375 0.6265625 0.03125 0.040625
1 0.45234375 0.6921875 0.0328125 0.040625
1 0.375 0.67578125 0.021875 0.025
1 0.35546875 0.45234375 0.0203125 0.0578125
1 0.3890625 0.4375 0.059375 0.046875
1 0.26875 0.5203125 0.021875 0.034375
1 0.63671875 0.528125 0.03125 0.0375