3 0.48984375 0.34296875 0.6625 0.6859375
1 0.43984375 0.5984375 0.06796875 0.078125
1 0.575 0.4828125 0.04375 0.1703125
1 0.7 0.38046875 0.11484375 0.08828125
1 0.7125 0.278125 0.0890625 0.09765625
1 0.64375 0.26328125 0.0546875 0.0609375
1 0.70703125 0.11796875 0.05703125 0.0828125
1 0.68984375 0.02265625 0.034375 0.04453125
1 0.553125 0.02265625 0.0390625 0.04453125
1 0.57109375 0.11796875 0.040625 0.06953125
1 0.53984375 0.1625 0.0375 0.0609375
1 0.50234375 0.1015625 0.03828125 0.0703125
1 0.48515625 0.15390625 0.04296875 0.06328125
1 0.41015625 0.0171875 0.04140625 0.034375
1 0.375 0.0609375 0.04140625 0.05546875
1 0.271875 0.0484375 0.04921875 0.06953125
1 0.325 0.20234375 0.0421875 0.06796875
1 0.38984375 0.225 0.0421875 0.06484375
1 0.36015625 0.30078125 0.0421875 0.06953125
1 0.2828125 0.3328125 0.03359375 0.0453125
1 0.2453125 0.31640625 0.04375 0.0671875
1 0.1875 0.33515625 0.03671875 0.0640625
1 0.3203125 0.39375 0.0265625 0.0375
1 0.35625 0.43359375 0.02890625 0.06875
1 0.396875 0.36328125 0.046875 0.0671875
1 0.33359375 0.51796875 0.06015625 0.05390625
1 0.49765625 0.32109375 0.03984375 0.06484375
1 0.54453125 0.21640625 0.034375 0.05703125
1 0.5390625 0.31796875 0.04375 0.0984375
1 0.4671875 0.37734375 0.0390625 0.05625
1 0.446875 0.4328125 0.0421875 0.05390625
1 0.47421875 0.51484375 0.03203125 0.06484375
1 0.4765625 0.4734375 0.02890625 0.0390625
1 0.7921875 0.1515625 0.0328125 0.0578125
2 0.75 0.06015625 0.12578125 0.0765625
2 0.634375 0.06015625 0.1 0.11953125
2 0.4828125 0.01484375 0.0875 0.02890625
2 0.31015625 0.01796875 0.10859375 0.0359375
2 0.38203125 0.11640625 0.09140625 0.1453125
2 0.47578125 0.2875 0.103125 0.14609375
2 0.30546875 0.2703125 0.1203125 0.078125
2 0.321875 0.38125 0.1140625 0.1078125
2 0.52421875 0.44921875 0.0640625 0.1703125
2 0.621875 0.43125 0.05859375 0.1859375
2 0.7421875 0.17578125 0.12265625 0.0796875
2 0.6109375 0.26015625 0.09375 0.1484375
1 0.15546875 0.378125 0.034375 0.06171875
1 0.14921875 0.5765625 0.03125 0.05859375