0 0.30625 0.88671875 0.6125 0.2265625
3 0.51171875 0.39296875 0.8796875 0.6734375
0 0.74453125 0.4828125 0.06875 0.0625
0 0.77890625 0.434375 0.221875 0.103125
0 0.5734375 0.596875 0.1 0.1125
0 0.49609375 0.57578125 0.06875 0.05
0 0.37734375 0.58359375 0.0765625 0.0546875
0 0.27734375 0.5015625 0.175 0.103125
0 0.20625 0.34765625 0.0875 0.2421875
0 0.3703125 0.19765625 0.096875 0.1078125
0 0.4359375 0.2609375 0.128125 0.121875
0 0.63046875 0.453125 0.140625 0.075
0 0.79375 0.34296875 0.10625 0.13125
0 0.8265625 0.29453125 0.059375 0.165625
0 0.596875 0.14765625 0.0875 0.0828125
0 0.5140625 0.34765625 0.228125 0.1015625
1 0.5609375 0.21171875 0.05625 0.0484375
1 0.61796875 0.26796875 0.0390625 0.0359375
1 0.48515625 0.1484375 0.0453125 0.040625
1 0.59453125 0.5171875 0.040625 0.046875
1 0.43125 0.55625 0.0375 0.0375
1 0.484375 0.528125 0.05625 0.053125
1 0.28359375 0.21953125 0.0546875 0.0421875
1 0.53125 0.52734375 0.03125 0.0359375
1 0.515625 0.325 0.046875 0.046875
1 0.38046875 0.4546875 0.05 0.040625
1 0.38046875 0.40546875 0.0515625 0.0296875
1 0.415625 0.4265625 0.04375 0.025
1 0.38828125 0.390625 0.0421875 0.028125
1 0.42421875 0.409375 0.0421875 0.021875
1 0.36796875 0.31796875 0.0453125 0.0265625
1 0.3875 0.35 0.01875 0.034375
1 0.4578125 0.30859375 0.028125 0.0234375
1 0.46484375 0.196875 0.0375 0.028125
1 0.56328125 0.28125 0.0546875 0.053125