3 0.43125 0.54765625 0.59375 0.8296875
0 0.57734375 0.95859375 0.1796875 0.0828125
0 0.77421875 0.28671875 0.3125 0.3953125
1 0.31015625 0.41171875 0.0515625 0.0421875
1 0.41640625 0.259375 0.0390625 0.03125
1 0.41796875 0.33984375 0.0296875 0.0203125
1 0.37265625 0.3375 0.0375 0.028125
1 0.4765625 0.53125 0.046875 0.0375
1 0.39453125 0.46328125 0.040625 0.0265625
1 0.390625 0.3875 0.090625 0.053125
1 0.4046875 0.4375 0.021875 0.025
1 0.3734375 0.5796875 0.040625 0.021875
1 0.40390625 0.65859375 0.0484375 0.0328125
1 0.34296875 0.67265625 0.0421875 0.0296875
1 0.4078125 0.76953125 0.040625 0.0375
1 0.40859375 0.815625 0.0515625 0.040625
1 0.5125 0.7296875 0.0375 0.034375
1 0.5078125 0.70078125 0.03125 0.0296875
1 0.59296875 0.61484375 0.034375 0.0296875
1 0.55859375 0.47578125 0.0375 0.0203125
1 0.515625 0.46796875 0.034375 0.0234375
1 0.3734375 0.4359375 0.040625 0.03125
1 0.3078125 0.45234375 0.040625 0.0328125
1 0.32421875 0.375 0.025 0.021875
1 0.54765625 0.35546875 0.0578125 0.0203125
1 0.5625 0.3890625 0.046875 0.059375
1 0.4796875 0.26875 0.034375 0.021875
1 0.471875 0.63671875 0.0375 0.03125