3 0.37578125 0.5609375 0.3359375 0.5
0 0.5765625 0.71171875 0.20625 0.26796875
1 0.4453125 0.41171875 0.02421875 0.0359375
1 0.3515625 0.37578125 0.02734375 0.03671875
1 0.29140625 0.4734375 0.02421875 0.03515625
1 0.28671875 0.53515625 0.02578125 0.04296875
1 0.309375 0.6375 0.0296875 0.03828125
1 0.30859375 0.73203125 0.0296875 0.046875
1 0.4328125 0.72578125 0.0234375 0.04453125
1 0.50234375 0.6265625 0.02734375 0.04375
1 0.47890625 0.49453125 0.0234375 0.03984375
2 0.259375 0.44375 0.03828125 0.06796875
2 0.23515625 0.515625 0.0328125 0.0546875
2 0.22734375 0.590625 0.0265625 0.05234375
2 0.2484375 0.65625 0.0359375 0.05546875
2 0.278125 0.7203125 0.03125 0.05703125
2 0.32578125 0.76328125 0.03515625 0.0328125
2 0.35390625 0.7359375 0.0359375 0.046875
2 0.43203125 0.73828125 0.05390625 0.04921875
2 0.384375 0.76875 0.04921875 0.0359375
2 0.49296875 0.57734375 0.0375 0.053125
2 0.4875 0.4140625 0.028125 0.046875
2 0.46171875 0.67890625 0.06875 0.084375
2 0.321875 0.78203125 0.05 0.040625
2 0.42265625 0.3765625 0.04609375 0.0453125
2 0.34375 0.37421875 0.0453125 0.05078125
2 0.29765625 0.40234375 0.03671875 0.05625
1 0.4078125 0.6015625 0.0390625 0.059375
1 0.36484375 0.49453125 0.03125 0.0421875