3 0.34296875 0.51015625 0.6859375 0.6625
1 0.5984375 0.56015625 0.078125 0.0671875
1 0.4828125 0.425 0.171875 0.04375
1 0.38046875 0.3 0.0890625 0.115625
1 0.278125 0.2875 0.096875 0.0875
1 0.26328125 0.35625 0.0609375 0.05625
1 0.11796875 0.29296875 0.0828125 0.0578125
1 0.02265625 0.31015625 0.0453125 0.034375
1 0.02265625 0.446875 0.0453125 0.0375
1 0.11796875 0.42890625 0.0703125 0.040625
1 0.1625 0.46015625 0.0625 0.0375
1 0.1015625 0.49765625 0.071875 0.0390625
1 0.15390625 0.51484375 0.0640625 0.0421875
1 0.0171875 0.58984375 0.034375 0.0421875
1 0.0609375 0.625 0.05625 0.040625
1 0.0484375 0.728125 0.06875 0.05
1 0.20234375 0.675 0.0671875 0.04375
1 0.225 0.61015625 0.065625 0.0421875
1 0.30078125 0.63984375 0.0703125 0.0421875
1 0.3328125 0.7171875 0.046875 0.034375
1 0.31640625 0.7546875 0.0671875 0.04375
1 0.33515625 0.8125 0.0640625 0.0375
1 0.39375 0.6796875 0.0375 0.028125
1 0.43359375 0.64375 0.06875 0.028125
1 0.36328125 0.603125 0.0671875 0.046875
1 0.51796875 0.66640625 0.0546875 0.0609375
1 0.32109375 0.50234375 0.0640625 0.0390625
1 0.21640625 0.45546875 0.0578125 0.034375
1 0.31796875 0.4609375 0.0984375 0.04375
1 0.37734375 0.5328125 0.05625 0.040625
1 0.4328125 0.553125 0.053125 0.04375
1 0.51484375 0.52578125 0.0640625 0.0328125
1 0.4734375 0.5234375 0.040625 0.028125
1 0.1515625 0.2078125 0.059375 0.034375
2 0.06015625 0.25 0.0765625 0.125
2 0.06015625 0.365625 0.1203125 0.1
2 0.01484375 0.5171875 0.0296875 0.0875
2 0.01796875 0.68984375 0.0359375 0.1078125
2 0.11640625 0.61796875 0.1453125 0.0921875
2 0.2875 0.52421875 0.146875 0.103125
2 0.2703125 0.69453125 0.078125 0.1203125
2 0.38125 0.678125 0.10625 0.1125
2 0.44921875 0.47578125 0.1703125 0.0640625
2 0.43125 0.378125 0.1875 0.059375
2 0.17578125 0.2578125 0.0796875 0.121875
2 0.26015625 0.3890625 0.1484375 0.09375
1 0.378125 0.84453125 0.0625 0.034375
1 0.5765625 0.85078125 0.059375 0.03125