0 0.11328125 0.30625 0.2265625 0.6125
3 0.60703125 0.51171875 0.67421875 0.8796875
0 0.5171875 0.74453125 0.0625 0.06875
0 0.565625 0.77890625 0.10390625 0.221875
0 0.403125 0.5734375 0.11171875 0.1
0 0.42421875 0.49609375 0.05 0.06875
0 0.41640625 0.37734375 0.0546875 0.0765625
0 0.4984375 0.27734375 0.10234375 0.175
0 0.65234375 0.20625 0.24140625 0.0875
0 0.80234375 0.3703125 0.1078125 0.0953125
0 0.7390625 0.4359375 0.12265625 0.12890625
0 0.546875 0.63046875 0.0765625 0.140625
0 0.65703125 0.79375 0.13125 0.10703125
0 0.70546875 0.8265625 0.165625 0.059375
0 0.85234375 0.596875 0.0828125 0.08828125
0 0.65234375 0.5140625 0.10234375 0.22890625
1 0.78828125 0.5609375 0.04765625 0.05546875
1 0.73203125 0.61796875 0.03671875 0.0390625
1 0.8515625 0.48515625 0.0421875 0.04609375
1 0.4828125 0.59453125 0.0453125 0.040625
1 0.44375 0.43125 0.03828125 0.0375
1 0.471875 0.484375 0.05234375 0.05625
1 0.78046875 0.28359375 0.04296875 0.05546875
1 0.47265625 0.53125 0.03671875 0.0296875
1 0.675 0.515625 0.04609375 0.046875
1 0.5453125 0.38046875 0.0390625 0.05
1 0.59453125 0.38046875 0.03046875 0.05078125
1 0.5734375 0.415625 0.02421875 0.04453125
1 0.609375 0.38828125 0.02890625 0.0421875
1 0.590625 0.42421875 0.021875 0.0421875
1 0.68203125 0.36796875 0.0265625 0.04609375
1 0.65 0.3875 0.034375 0.01953125
1 0.69140625 0.4578125 0.02421875 0.028125
1 0.803125 0.46484375 0.02890625 0.0375
1 0.71875 0.56328125 0.05390625 0.05390625