3 0.3078125 0.5203125 0.6125 0.959375
0 0.828125 0.9390625 0.25 0.121875
0 0.82578125 0.73828125 0.2953125 0.3484375
0 0.4796875 0.95 0.115625 0.1
0 0.4984375 0.71953125 0.059375 0.1671875
0 0.10234375 0.5109375 0.1359375 0.278125
0 0.0875 0.7859375 0.10625 0.134375
0 0.25859375 0.9015625 0.1359375 0.196875
0 0.496875 0.721875 0.065625 0.175
0 0.371875 0.240625 0.221875 0.1625
0 0.509375 0.46640625 0.078125 0.0859375
0 0.43828125 0.3484375 0.13125 0.0625
2 0.52890625 0.43515625 0.1015625 0.2046875
2 0.46796875 0.32578125 0.1390625 0.1828125
2 0.5203125 0.7328125 0.125 0.265625
2 0.09453125 0.80703125 0.1890625 0.2203125
2 0.26796875 0.51796875 0.0546875 0.2265625
2 0.0625 0.3125 0.125 0.215625
2 0.16796875 0.27421875 0.1015625 0.1609375
2 0.36640625 0.3203125 0.0734375 0.071875
2 0.459375 0.8796875 0.06875 0.0875
2 0.34140625 0.259375 0.1015625 0.11875
1 0.41484375 0.96484375 0.0421875 0.0703125
1 0.37578125 0.7078125 0.0578125 0.06875
1 0.49453125 0.5546875 0.0453125 0.06875
1 0.484375 0.45078125 0.021875 0.0359375
1 0.37421875 0.38515625 0.0265625 0.0390625
1 0.2609375 0.18828125 0.059375 0.0890625
1 0.2578125 0.315625 0.0625 0.09375
1 0.0140625 0.1984375 0.028125 0.078125
1 0.1015625 0.2265625 0.053125 0.059375
1 0.05703125 0.940625 0.0265625 0.025
1 0.2296875 0.9359375 0.046875 0.08125
1 0.15625 0.85390625 0.071875 0.0546875