3 0.4796875 0.3078125 0.959375 0.6125
0 0.0609375 0.828125 0.121875 0.25
0 0.26171875 0.82578125 0.3484375 0.2953125
0 0.05 0.4796875 0.1 0.115625
0 0.28046875 0.4984375 0.1671875 0.059375
0 0.4890625 0.10234375 0.278125 0.1359375
0 0.2140625 0.0875 0.134375 0.10625
0 0.0984375 0.25859375 0.196875 0.1359375
0 0.278125 0.496875 0.175 0.065625
0 0.759375 0.371875 0.1625 0.221875
0 0.53359375 0.509375 0.0859375 0.078125
0 0.6515625 0.43828125 0.0625 0.13125
2 0.56484375 0.52890625 0.2046875 0.1015625
2 0.67421875 0.46796875 0.1828125 0.1390625
2 0.2671875 0.5203125 0.265625 0.125
2 0.19296875 0.09453125 0.2203125 0.1890625
2 0.48203125 0.26796875 0.2265625 0.0546875
2 0.6875 0.0625 0.215625 0.125
2 0.72578125 0.16796875 0.1609375 0.1015625
2 0.6796875 0.36640625 0.071875 0.0734375
2 0.1203125 0.459375 0.0875 0.06875
2 0.740625 0.34140625 0.11875 0.1015625
1 0.03515625 0.41484375 0.0703125 0.0421875
1 0.2921875 0.37578125 0.06875 0.0578125
1 0.4453125 0.49453125 0.06875 0.0453125
1 0.54921875 0.484375 0.0359375 0.021875
1 0.61484375 0.37421875 0.0390625 0.0265625
1 0.81171875 0.2609375 0.0890625 0.059375
1 0.684375 0.2578125 0.09375 0.0625
1 0.8015625 0.0140625 0.078125 0.028125
1 0.7734375 0.1015625 0.059375 0.053125
1 0.059375 0.05703125 0.025 0.0265625
1 0.0640625 0.2296875 0.08125 0.046875
1 0.14609375 0.15625 0.0546875 0.071875