3 0.5609375 0.62421875 0.5 0.3359375
0 0.71171875 0.4234375 0.2671875 0.20625
1 0.41171875 0.5546875 0.0359375 0.025
1 0.37578125 0.6484375 0.0359375 0.028125
1 0.4734375 0.70859375 0.034375 0.0234375
1 0.53515625 0.71328125 0.0421875 0.0265625
1 0.6375 0.690625 0.0375 0.03125
1 0.73203125 0.69140625 0.046875 0.0296875
1 0.72578125 0.5671875 0.0453125 0.021875
1 0.6265625 0.49765625 0.04375 0.0265625
1 0.49453125 0.52109375 0.0390625 0.0234375
2 0.44375 0.740625 0.06875 0.0375
2 0.515625 0.76484375 0.05625 0.0328125
2 0.590625 0.77265625 0.053125 0.0265625
2 0.65625 0.7515625 0.05625 0.034375
2 0.7203125 0.721875 0.05625 0.03125
2 0.76328125 0.67421875 0.0328125 0.0359375
2 0.7359375 0.64609375 0.046875 0.0359375
2 0.73828125 0.56796875 0.0484375 0.0546875
2 0.76875 0.615625 0.0375 0.05
2 0.57734375 0.50703125 0.053125 0.0375
2 0.4140625 0.5125 0.046875 0.028125
2 0.67890625 0.53828125 0.084375 0.06875
2 0.78203125 0.678125 0.040625 0.05
2 0.3765625 0.57734375 0.046875 0.0453125
2 0.37421875 0.65625 0.0515625 0.04375
2 0.40234375 0.70234375 0.05625 0.0359375
1 0.6015625 0.5921875 0.059375 0.040625
1 0.49453125 0.63515625 0.0421875 0.03125