3 0.50625 0.75859375 0.8375 0.2546875
0 0.42734375 0.73984375 0.2296875 0.075
0 0.2421875 0.70859375 0.09453125 0.04921875
0 0.13984375 0.6625 0.16640625 0.053125
0 0.44140625 0.64453125 0.11796875 0.0375
0 0.65625 0.6640625 0.08359375 0.06484375
0 0.69296875 0.728125 0.02109375 0.02109375
0 0.52421875 0.80859375 0.10390625 0.059375
0 0.95703125 0.86796875 0.0859375 0.040625
0 0.74140625 0.59140625 0.4109375 0.171875
0 0.47734375 0.61875 0.0359375 0.02265625
0 0.24375 0.790625 0.0234375 0.03125
2 0.74375 0.7625 0.09140625 0.0484375
2 0.72421875 0.6890625 0.06484375 0.03125
2 0.34765625 0.6734375 0.1140625 0.04296875
2 0.3484375 0.72890625 0.04453125 0.03125
2 0.43125 0.78671875 0.05234375 0.03359375
2 0.421875 0.7421875 0.03359375 0.0171875