3 0.24140625 0.50625 0.2546875 0.8375
0 0.26015625 0.42734375 0.075 0.2296875
0 0.29140625 0.2421875 0.0484375 0.09375
0 0.3375 0.13984375 0.053125 0.1671875
0 0.35546875 0.44140625 0.0375 0.1171875
0 0.3359375 0.65625 0.065625 0.084375
0 0.271875 0.69296875 0.021875 0.0203125
0 0.19140625 0.52421875 0.059375 0.1046875
0 0.13203125 0.95703125 0.040625 0.0859375
0 0.40859375 0.74140625 0.171875 0.4109375
0 0.38125 0.47734375 0.021875 0.0359375
0 0.209375 0.24375 0.03125 0.025
2 0.2375 0.74375 0.05 0.090625
2 0.3109375 0.72421875 0.03125 0.0640625
2 0.3265625 0.34765625 0.04375 0.1140625
2 0.27109375 0.3484375 0.03125 0.04375
2 0.21328125 0.43125 0.0328125 0.053125
2 0.2578125 0.421875 0.015625 0.034375