3 0.5015625 0.44453125 0.790625 0.6171875
2 0.49140625 0.4484375 0.1203125 0.096875
2 0.70859375 0.33359375 0.1203125 0.1015625
2 0.71328125 0.51171875 0.1734375 0.1046875
2 0.678125 0.56015625 0.13125 0.1171875
2 0.48984375 0.66484375 0.1203125 0.0984375
2 0.28515625 0.55 0.1203125 0.103125
2 0.271875 0.3953125 0.175 0.096875
2 0.28828125 0.33203125 0.1359375 0.1140625
2 0.48046875 0.25390625 0.115625 0.0921875
1 0.5625 0.178125 0.04375 0.0375
1 0.8140625 0.3515625 0.040625 0.034375
1 0.74375 0.25390625 0.05 0.0390625
1 0.58671875 0.43203125 0.0453125 0.0328125
1 0.51015625 0.37265625 0.053125 0.0359375
1 0.4453125 0.17578125 0.046875 0.0359375
1 0.26796875 0.2328125 0.0421875 0.0375
1 0.18984375 0.3140625 0.0515625 0.04375
1 0.15625 0.396875 0.05625 0.034375
1 0.16171875 0.53203125 0.040625 0.0359375
1 0.25078125 0.63046875 0.0546875 0.046875
1 0.4171875 0.7109375 0.04375 0.046875
1 0.5734375 0.70234375 0.053125 0.0328125
1 0.690625 0.65 0.046875 0.034375
1 0.79296875 0.58125 0.0484375 0.0375
1 0.553125 0.503125 0.040625 0.0375
1 0.46875 0.52109375 0.040625 0.0359375
1 0.4078125 0.46875 0.046875 0.0375
1 0.42265625 0.415625 0.0328125 0.0375
1 0.81875 0.46640625 0.034375 0.034375