3 0.49375 0.24140625 0.8375 0.2546875
0 0.57265625 0.26015625 0.2296875 0.075
0 0.7578125 0.29140625 0.09375 0.0484375
0 0.86015625 0.3375 0.1671875 0.053125
0 0.55859375 0.35546875 0.1171875 0.0375
0 0.34375 0.3359375 0.084375 0.065625
0 0.30703125 0.271875 0.0203125 0.021875
0 0.47578125 0.19140625 0.1046875 0.059375
0 0.04296875 0.13203125 0.0859375 0.040625
0 0.25859375 0.40859375 0.4109375 0.171875
0 0.52265625 0.38125 0.0359375 0.021875
0 0.75625 0.209375 0.025 0.03125
2 0.25625 0.2375 0.090625 0.05
2 0.27578125 0.3109375 0.0640625 0.03125
2 0.65234375 0.3265625 0.1140625 0.04375
2 0.6515625 0.27109375 0.04375 0.03125
2 0.56875 0.21328125 0.053125 0.0328125
2 0.578125 0.2578125 0.034375 0.015625