3 0.4984375 0.55546875 0.78984375 0.61640625
2 0.50859375 0.5515625 0.12109375 0.09609375
2 0.29140625 0.66640625 0.11953125 0.10078125
2 0.28671875 0.48828125 0.17421875 0.10390625
2 0.321875 0.43984375 0.13125 0.11640625
2 0.51015625 0.33515625 0.12109375 0.09765625
2 0.71484375 0.45 0.11953125 0.10234375
2 0.728125 0.6046875 0.1734375 0.0953125
2 0.71171875 0.66796875 0.13515625 0.11484375
2 0.51953125 0.74609375 0.115625 0.09296875
1 0.4375 0.821875 0.04375 0.03828125
1 0.1859375 0.6484375 0.0421875 0.03359375
1 0.25625 0.74609375 0.0515625 0.03984375
1 0.41328125 0.56796875 0.04609375 0.03203125
1 0.48984375 0.62734375 0.053125 0.03515625
1 0.5546875 0.82421875 0.0484375 0.03671875
1 0.73203125 0.7671875 0.04140625 0.03828125
1 0.81015625 0.6859375 0.0515625 0.04375
1 0.84375 0.603125 0.0546875 0.03359375
1 0.83828125 0.46796875 0.040625 0.0359375
1 0.74921875 0.36953125 0.05390625 0.046875
1 0.5828125 0.2890625 0.04453125 0.0484375
1 0.4265625 0.29765625 0.05390625 0.03359375
1 0.309375 0.35 0.04609375 0.03359375
1 0.20703125 0.41875 0.04765625 0.03671875
1 0.446875 0.496875 0.03984375 0.03828125
1 0.53125 0.47890625 0.04140625 0.03671875
1 0.5921875 0.53125 0.0484375 0.03671875
1 0.57734375 0.584375 0.03359375 0.03671875
1 0.18125 0.53359375 0.03515625 0.034375