3 0.44453125 0.4984375 0.6171875 0.790625
2 0.4484375 0.50859375 0.096875 0.1203125
2 0.33359375 0.29140625 0.1015625 0.1203125
2 0.51171875 0.28671875 0.1046875 0.1734375
2 0.56015625 0.321875 0.1171875 0.13125
2 0.66484375 0.51015625 0.0984375 0.1203125
2 0.55 0.71484375 0.103125 0.1203125
2 0.3953125 0.728125 0.096875 0.175
2 0.33203125 0.71171875 0.1140625 0.1359375
2 0.25390625 0.51953125 0.0921875 0.115625
1 0.178125 0.4375 0.0375 0.04375
1 0.3515625 0.1859375 0.034375 0.040625
1 0.25390625 0.25625 0.0390625 0.05
1 0.43203125 0.41328125 0.0328125 0.0453125
1 0.37265625 0.48984375 0.0359375 0.053125
1 0.17578125 0.5546875 0.0359375 0.046875
1 0.2328125 0.73203125 0.0375 0.0421875
1 0.3140625 0.81015625 0.04375 0.0515625
1 0.396875 0.84375 0.034375 0.05625
1 0.53203125 0.83828125 0.0359375 0.040625
1 0.63046875 0.74921875 0.046875 0.0546875
1 0.7109375 0.5828125 0.046875 0.04375
1 0.70234375 0.4265625 0.0328125 0.053125
1 0.65 0.309375 0.034375 0.046875
1 0.58125 0.20703125 0.0375 0.0484375
1 0.503125 0.446875 0.0375 0.040625
1 0.52109375 0.53125 0.0359375 0.040625
1 0.46875 0.5921875 0.0375 0.046875
1 0.415625 0.57734375 0.0375 0.0328125
1 0.46640625 0.18125 0.034375 0.034375