3 0.76328125 0.2328125 0.4640625 0.4625
3 0.62109375 0.35078125 0.234375 0.2203125
3 0.29453125 0.45078125 0.2859375 0.303125
3 0.3015625 0.65546875 0.603125 0.584375
0 0.2921875 0.02578125 0.096875 0.0515625
0 0.15 0.02109375 0.0875 0.0421875
2 0.646875 0.1890625 0.0875 0.096875
2 0.70859375 0.27890625 0.0515625 0.06875
2 0.66796875 0.36328125 0.0640625 0.0828125
2 0.734375 0.35546875 0.05625 0.0859375
2 0.7796875 0.25546875 0.075 0.0796875
2 0.86640625 0.371875 0.0953125 0.0875
2 0.896875 0.24453125 0.078125 0.0921875
2 0.83046875 0.1390625 0.0984375 0.09375
2 0.7234375 0.0765625 0.09375 0.103125
2 0.74140625 0.2109375 0.0609375 0.040625