3 0.2328125 0.23671875 0.4625 0.4640625
3 0.35078125 0.37890625 0.2203125 0.234375
3 0.45078125 0.70546875 0.303125 0.2859375
3 0.65546875 0.6984375 0.584375 0.603125
0 0.02578125 0.7078125 0.0515625 0.096875
0 0.02109375 0.85 0.0421875 0.0875
2 0.1890625 0.353125 0.096875 0.0875
2 0.27890625 0.29140625 0.06875 0.0515625
2 0.36328125 0.33203125 0.0828125 0.0640625
2 0.35546875 0.265625 0.0859375 0.05625
2 0.25546875 0.2203125 0.0796875 0.075
2 0.371875 0.13359375 0.0875 0.0953125
2 0.24453125 0.103125 0.0921875 0.078125
2 0.1390625 0.16953125 0.09375 0.0984375
2 0.0765625 0.2765625 0.103125 0.09375
2 0.2109375 0.25859375 0.040625 0.0609375