3 0.2328125 0.23671875 0.4625 0.46328125
3 0.35078125 0.37890625 0.22109375 0.234375
3 0.45078125 0.70546875 0.303125 0.28515625
3 0.65546875 0.6984375 0.584375 0.603125
0 0.02578125 0.7078125 0.05078125 0.0984375
0 0.02109375 0.85 0.04140625 0.0890625
2 0.1890625 0.353125 0.0953125 0.0890625
2 0.27890625 0.29140625 0.06875 0.05078125
2 0.36328125 0.33203125 0.08359375 0.06328125
2 0.35546875 0.265625 0.08671875 0.0546875
2 0.25546875 0.2203125 0.0796875 0.07421875
2 0.371875 0.13359375 0.0890625 0.0953125
2 0.24453125 0.103125 0.0921875 0.07890625
2 0.1390625 0.16953125 0.09375 0.09765625
2 0.0765625 0.2765625 0.10390625 0.09375
2 0.2109375 0.25859375 0.040625 0.0609375