3 0.53984375 0.628125 0.7015625 0.74375
1 0.81640625 0.590625 0.0171875 0.0375
1 0.8 0.721875 0.01875 0.025
1 0.4984375 0.41015625 0.021875 0.0359375
1 0.359375 0.72109375 0.025 0.0296875
1 0.29609375 0.79921875 0.01875 0.0421875
1 0.39140625 0.96640625 0.0265625 0.0390625
1 0.478125 0.69140625 0.025 0.0328125
1 0.48046875 0.75078125 0.0203125 0.0234375
1 0.6859375 0.38828125 0.025 0.0453125
0 0.775 0.8109375 0.159375 0.115625
0 0.7046875 0.85859375 0.18125 0.1203125
0 0.76171875 0.75 0.121875 0.096875
0 0.68203125 0.78671875 0.0859375 0.1171875
0 0.61015625 0.79296875 0.0421875 0.1453125
0 0.5109375 0.88125 0.09375 0.10625
0 0.484375 0.9609375 0.028125 0.078125
0 0.37734375 0.8640625 0.121875 0.221875
0 0.30390625 0.61328125 0.13125 0.2609375
0 0.390625 0.6078125 0.103125 0.071875
0 0.49609375 0.68125 0.1109375 0.13125
0 0.59140625 0.434375 0.1734375 0.14375
0 0.784375 0.66015625 0.059375 0.0921875
0 0.7171875 0.62734375 0.05625 0.1046875
0 0.79296875 0.5703125 0.034375 0.096875