3 0.52421875 0.66796875 0.478125 0.3265625
1 0.5 0.75078125 0.034375 0.0234375
1 0.4421875 0.74765625 0.034375 0.025
1 0.459375 0.6765625 0.04375 0.028125
1 0.3484375 0.68984375 0.0375 0.03125
1 0.3828125 0.60078125 0.034375 0.0265625
1 0.46015625 0.56875 0.03125 0.025
1 0.58203125 0.54453125 0.0453125 0.0234375
1 0.6765625 0.6140625 0.040625 0.028125
1 0.68671875 0.7296875 0.0421875 0.03125
1 0.596875 0.73046875 0.040625 0.0328125
2 0.375 0.734375 0.053125 0.05
2 0.41953125 0.76953125 0.0640625 0.04375
2 0.47734375 0.79921875 0.05625 0.0265625
2 0.54921875 0.80703125 0.05 0.0234375
2 0.6203125 0.79140625 0.05625 0.0234375
2 0.684375 0.75703125 0.04375 0.0296875
2 0.7203125 0.71171875 0.021875 0.0421875
2 0.72421875 0.66015625 0.0359375 0.04375
2 0.7 0.61015625 0.04375 0.05
2 0.65234375 0.57265625 0.0609375 0.0390625
2 0.52109375 0.52578125 0.0640625 0.0234375
2 0.596875 0.5421875 0.059375 0.03125
2 0.340625 0.60703125 0.04375 0.0453125
2 0.33671875 0.7 0.04375 0.0375
0 0.70546875 0.5125 0.2328125 0.21875