3 0.628125 0.46015625 0.74375 0.7015625
1 0.590625 0.18359375 0.0375 0.0171875
1 0.721875 0.2 0.025 0.01875
1 0.41015625 0.5015625 0.0359375 0.021875
1 0.72109375 0.640625 0.0296875 0.025
1 0.79921875 0.70390625 0.0421875 0.01875
1 0.96640625 0.60859375 0.0390625 0.0265625
1 0.69140625 0.521875 0.0328125 0.025
1 0.75078125 0.51953125 0.0234375 0.0203125
1 0.38828125 0.3140625 0.0453125 0.025
0 0.8109375 0.225 0.115625 0.159375
0 0.85859375 0.2953125 0.1203125 0.18125
0 0.75 0.23828125 0.096875 0.121875
0 0.78671875 0.31796875 0.1171875 0.0859375
0 0.79296875 0.38984375 0.1453125 0.0421875
0 0.88125 0.4890625 0.10625 0.09375
0 0.9609375 0.515625 0.078125 0.028125
0 0.8640625 0.62265625 0.221875 0.121875
0 0.61328125 0.69609375 0.2609375 0.13125
0 0.6078125 0.609375 0.071875 0.103125
0 0.68125 0.50390625 0.13125 0.1109375
0 0.434375 0.40859375 0.14375 0.1734375
0 0.66015625 0.215625 0.0921875 0.059375
0 0.62734375 0.2828125 0.1046875 0.05625
0 0.5703125 0.20703125 0.096875 0.034375