3 0.33203125 0.52421875 0.32734375 0.478125
1 0.24921875 0.5 0.02421875 0.03515625
1 0.25234375 0.4421875 0.025 0.03359375
1 0.3234375 0.459375 0.028125 0.0421875
1 0.31015625 0.3484375 0.03125 0.03828125
1 0.39921875 0.3828125 0.02578125 0.03515625
1 0.43125 0.46015625 0.0265625 0.03125
1 0.45546875 0.58203125 0.02421875 0.04609375
1 0.3859375 0.6765625 0.0265625 0.0421875
1 0.2703125 0.68671875 0.03046875 0.04140625
1 0.26953125 0.596875 0.0328125 0.04140625
2 0.265625 0.375 0.05078125 0.05390625
2 0.23046875 0.41953125 0.04375 0.06328125
2 0.20078125 0.47734375 0.0265625 0.05625
2 0.19296875 0.54921875 0.02421875 0.05
2 0.20859375 0.6203125 0.02265625 0.05625
2 0.24296875 0.684375 0.02890625 0.0421875
2 0.28828125 0.7203125 0.04140625 0.02265625
2 0.33984375 0.72421875 0.04375 0.03515625
2 0.38984375 0.7 0.05 0.0421875
2 0.42734375 0.65234375 0.0390625 0.06015625
2 0.47421875 0.52109375 0.02265625 0.06484375
2 0.4578125 0.596875 0.03046875 0.05859375
2 0.39296875 0.340625 0.04453125 0.04453125
2 0.3 0.33671875 0.0390625 0.04375
0 0.4875 0.70546875 0.21796875 0.23359375