3 0.46015625 0.371875 0.70234375 0.74375
1 0.18359375 0.409375 0.01796875 0.0375
1 0.2 0.278125 0.01953125 0.02421875
1 0.5015625 0.58984375 0.02109375 0.0359375
1 0.640625 0.27890625 0.0265625 0.0296875
1 0.70390625 0.20078125 0.01875 0.04296875
1 0.60859375 0.03359375 0.02578125 0.03984375
1 0.521875 0.30859375 0.02421875 0.0328125
1 0.51953125 0.24921875 0.01953125 0.02265625
1 0.3140625 0.61171875 0.02421875 0.04453125
0 0.225 0.1890625 0.16015625 0.11484375
0 0.2953125 0.14140625 0.18203125 0.1203125
0 0.23828125 0.25 0.121875 0.09609375
0 0.31796875 0.21328125 0.08515625 0.11640625
0 0.38984375 0.20703125 0.04296875 0.1453125
0 0.4890625 0.11875 0.09453125 0.1046875
0 0.515625 0.0390625 0.02890625 0.078125
0 0.62265625 0.1359375 0.121875 0.22109375
0 0.69609375 0.38671875 0.13125 0.26171875
0 0.609375 0.3921875 0.10234375 0.07109375
0 0.50390625 0.31875 0.11171875 0.13203125
0 0.40859375 0.565625 0.1734375 0.1421875
0 0.215625 0.33984375 0.05859375 0.09296875
0 0.2828125 0.37265625 0.05625 0.1046875
0 0.20703125 0.4296875 0.034375 0.0953125