3 0.33203125 0.52421875 0.3265625 0.478125
1 0.24921875 0.5 0.0234375 0.034375
1 0.25234375 0.4421875 0.025 0.034375
1 0.3234375 0.459375 0.028125 0.04375
1 0.31015625 0.3484375 0.03125 0.0375
1 0.39921875 0.3828125 0.0265625 0.034375
1 0.43125 0.46015625 0.025 0.03125
1 0.45546875 0.58203125 0.0234375 0.0453125
1 0.3859375 0.6765625 0.028125 0.040625
1 0.2703125 0.68671875 0.03125 0.0421875
1 0.26953125 0.596875 0.0328125 0.040625
2 0.265625 0.375 0.05 0.053125
2 0.23046875 0.41953125 0.04375 0.0640625
2 0.20078125 0.47734375 0.0265625 0.05625
2 0.19296875 0.54921875 0.0234375 0.05
2 0.20859375 0.6203125 0.0234375 0.05625
2 0.24296875 0.684375 0.0296875 0.04375
2 0.28828125 0.7203125 0.0421875 0.021875
2 0.33984375 0.72421875 0.04375 0.0359375
2 0.38984375 0.7 0.05 0.04375
2 0.42734375 0.65234375 0.0390625 0.0609375
2 0.47421875 0.52109375 0.0234375 0.0640625
2 0.4578125 0.596875 0.03125 0.059375
2 0.39296875 0.340625 0.0453125 0.04375
2 0.3 0.33671875 0.0375 0.04375
0 0.4875 0.70546875 0.21875 0.2328125