3 0.49921875 0.5765625 0.6203125 0.54375
0 0.3125 0.4828125 0.12734375 0.1078125
0 0.334375 0.62890625 0.06015625 0.071875
0 0.48984375 0.6890625 0.13984375 0.20390625
0 0.60078125 0.67578125 0.0640625 0.1796875
0 0.6875 0.57890625 0.15390625 0.11640625
0 0.659375 0.48984375 0.1140625 0.15625
0 0.51171875 0.475 0.14453125 0.11640625
0 0.56953125 0.38046875 0.0734375 0.1015625
0 0.3953125 0.38125 0.09453125 0.0984375
0 0.51796875 0.55546875 0.1765625 0.09296875
0 0.50859375 0.47578125 0.14140625 0.1140625