3 0.52890625 0.5875 0.7984375 0.32265625
0 0.75 0.61015625 0.11875 0.046875
0 0.5484375 0.5640625 0.07578125 0.0421875
0 0.3984375 0.53671875 0.07734375 0.040625
0 0.36796875 0.5171875 0.10703125 0.03203125
0 0.49765625 0.484375 0.13125 0.04609375
0 0.25390625 0.49921875 0.11015625 0.03984375
0 0.353125 0.459375 0.04921875 0.0203125
0 0.6078125 0.58515625 0.0625 0.0515625
0 0.609375 0.540625 0.0546875 0.02265625
0 0.66875 0.56640625 0.14140625 0.04765625
0 0.79140625 0.5375 0.03984375 0.02890625
2 0.35 0.584375 0.11015625 0.04140625
2 0.64609375 0.58984375 0.06640625 0.02421875
2 0.80390625 0.56640625 0.0390625 0.02890625
2 0.35859375 0.47734375 0.053125 0.01875