3 0.47109375 0.4125 0.7984375 0.321875
0 0.25 0.38984375 0.11875 0.046875
0 0.4515625 0.4359375 0.075 0.040625
0 0.6015625 0.46328125 0.078125 0.040625
0 0.63203125 0.4828125 0.1078125 0.03125
0 0.50234375 0.515625 0.13125 0.046875
0 0.74609375 0.50078125 0.1109375 0.0390625
0 0.646875 0.540625 0.05 0.01875
0 0.3921875 0.41484375 0.0625 0.0515625
0 0.390625 0.459375 0.05625 0.021875
0 0.33125 0.43359375 0.140625 0.0484375
0 0.20859375 0.4625 0.0390625 0.028125
2 0.65 0.415625 0.109375 0.040625
2 0.35390625 0.41015625 0.0671875 0.0234375
2 0.19609375 0.43359375 0.0390625 0.0296875
2 0.64140625 0.52265625 0.053125 0.01875