3 0.5875 0.47109375 0.321875 0.7984375
0 0.61015625 0.25 0.046875 0.11875
0 0.5640625 0.4515625 0.040625 0.075
0 0.53671875 0.6015625 0.040625 0.078125
0 0.5171875 0.63203125 0.03125 0.1078125
0 0.484375 0.50234375 0.046875 0.13125
0 0.49921875 0.74609375 0.0390625 0.1109375
0 0.459375 0.646875 0.01875 0.05
0 0.58515625 0.3921875 0.0515625 0.0625
0 0.540625 0.390625 0.021875 0.05625
0 0.56640625 0.33125 0.0484375 0.140625
0 0.5375 0.20859375 0.028125 0.0390625
2 0.584375 0.65 0.040625 0.109375
2 0.58984375 0.35390625 0.0234375 0.0671875
2 0.56640625 0.19609375 0.0296875 0.0390625
2 0.47734375 0.64140625 0.01875 0.053125