0 0.35390625 0.80546875 0.0609375 0.05078125
0 0.21796875 0.7484375 0.04375 0.02890625
0 0.290625 0.77734375 0.05625 0.0515625
0 0.23125 0.67890625 0.01875 0.01171875
0 0.3046875 0.7296875 0.0890625 0.04140625
0 0.325 0.67109375 0.04140625 0.03203125
0 0.29609375 0.63046875 0.0359375 0.0265625
0 0.2703125 0.65 0.03515625 0.01953125
0 0.35 0.6390625 0.084375 0.0390625
0 0.3765625 0.6203125 0.06015625 0.025
0 0.51640625 0.634375 0.10078125 0.0609375
0 0.603125 0.63359375 0.0515625 0.05703125
0 0.7 0.6265625 0.10546875 0.03671875
0 0.7765625 0.73359375 0.1546875 0.0703125
0 0.7578125 0.66015625 0.0859375 0.0359375
0 0.5703125 0.7125 0.14453125 0.0609375
0 0.5140625 0.765625 0.13125 0.0359375
0 0.64296875 0.7828125 0.05703125 0.03203125
0 0.58828125 0.72265625 0.11484375 0.05078125
0 0.42265625 0.74921875 0.03359375 0.03046875
3 0.509375 0.72421875 0.79453125 0.31484375