0 0.80546875 0.64609375 0.0515625 0.0609375
0 0.7484375 0.78203125 0.028125 0.04375
0 0.77734375 0.709375 0.0515625 0.05625
0 0.67890625 0.76875 0.0109375 0.01875
0 0.7296875 0.6953125 0.040625 0.090625
0 0.67109375 0.675 0.0328125 0.040625
0 0.63046875 0.70390625 0.0265625 0.0359375
0 0.65 0.7296875 0.01875 0.034375
0 0.6390625 0.65 0.040625 0.084375
0 0.6203125 0.6234375 0.025 0.059375
0 0.634375 0.48359375 0.0625 0.1015625
0 0.63359375 0.396875 0.0578125 0.05
0 0.6265625 0.3 0.0375 0.10625
0 0.73359375 0.2234375 0.0703125 0.153125
0 0.66015625 0.2421875 0.0359375 0.084375
0 0.7125 0.4296875 0.0625 0.14375
0 0.765625 0.4859375 0.0375 0.13125
0 0.7828125 0.35703125 0.03125 0.0578125
0 0.72265625 0.41171875 0.0515625 0.1140625
0 0.74921875 0.57734375 0.0296875 0.0328125
3 0.72421875 0.490625 0.3140625 0.79375