3 0.30546875 0.46953125 0.5640625 0.58046875
1 0.42421875 0.36796875 0.034375 0.02890625
1 0.2734375 0.52734375 0.02421875 0.03828125
1 0.3015625 0.60546875 0.03984375 0.06328125
1 0.21171875 0.6578125 0.03359375 0.05390625
1 0.0890625 0.49609375 0.0265625 0.0359375
1 0.15546875 0.40078125 0.028125 0.0375
1 0.27265625 0.4046875 0.04453125 0.040625
1 0.284375 0.3328125 0.03671875 0.02734375
1 0.45 0.41796875 0.03671875 0.0375
1 0.43359375 0.46796875 0.03359375 0.0359375
1 0.36640625 0.39296875 0.0265625 0.0609375
1 0.43359375 0.49765625 0.02421875 0.03125
1 0.1546875 0.32109375 0.02421875 0.0359375
1 0.23515625 0.28203125 0.0390625 0.0484375
1 0.30390625 0.4890625 0.0359375 0.04609375
1 0.4953125 0.30546875 0.01875 0.0265625
1 0.26875 0.21875 0.02421875 0.01953125