3 0.53046875 0.30546875 0.5796875 0.5640625
1 0.63203125 0.42421875 0.0296875 0.034375
1 0.47265625 0.2734375 0.0390625 0.025
1 0.39453125 0.3015625 0.0640625 0.040625
1 0.3421875 0.21171875 0.053125 0.0328125
1 0.50390625 0.0890625 0.0359375 0.028125
1 0.59921875 0.15546875 0.0375 0.028125
1 0.5953125 0.27265625 0.040625 0.0453125
1 0.6671875 0.284375 0.028125 0.0375
1 0.58203125 0.45 0.0375 0.0375
1 0.53203125 0.43359375 0.0359375 0.0328125
1 0.60703125 0.36640625 0.0609375 0.0265625
1 0.50234375 0.43359375 0.03125 0.0234375
1 0.67890625 0.1546875 0.0359375 0.025
1 0.71796875 0.23515625 0.0484375 0.0390625
1 0.5109375 0.30390625 0.046875 0.0359375
1 0.69453125 0.4953125 0.0265625 0.01875
1 0.78125 0.26875 0.01875 0.025