3 0.27265625 0.42734375 0.34453125 0.51328125
2 0.1640625 0.45078125 0.0546875 0.0765625
2 0.23203125 0.45078125 0.0609375 0.0859375
2 0.196875 0.30546875 0.05625 0.07734375
2 0.2734375 0.2890625 0.05234375 0.0796875
2 0.36171875 0.3109375 0.04921875 0.08203125
2 0.3203125 0.41875 0.0515625 0.0796875
2 0.275 0.60390625 0.053125 0.07890625
2 0.34609375 0.55546875 0.0546875 0.0796875
2 0.3828125 0.4546875 0.04921875 0.08359375
2 0.1953125 0.55546875 0.053125 0.08515625
1 0.23125 0.2734375 0.02109375 0.03671875
1 0.31796875 0.25859375 0.02890625 0.03046875
1 0.36875 0.303125 0.025 0.03515625
1 0.315625 0.33359375 0.0234375 0.03046875
1 0.240625 0.340625 0.02109375 0.04375
1 0.15703125 0.38671875 0.02421875 0.025
1 0.19765625 0.44140625 0.01953125 0.034375
1 0.1578125 0.5203125 0.01796875 0.0359375
1 0.2078125 0.53203125 0.02734375 0.0359375
1 0.23671875 0.6140625 0.02421875 0.03515625
1 0.32265625 0.60234375 0.02421875 0.03515625
1 0.38359375 0.528125 0.0234375 0.03359375
1 0.31953125 0.50234375 0.0234375 0.040625
1 0.26640625 0.48828125 0.021875 0.03046875
1 0.28359375 0.3921875 0.0296875 0.0359375
1 0.359375 0.4015625 0.01953125 0.03671875
1 0.39453125 0.39609375 0.02421875 0.03515625