3 0.72734375 0.57265625 0.3453125 0.5140625
2 0.8359375 0.54921875 0.053125 0.0765625
2 0.76796875 0.54921875 0.0609375 0.0859375
2 0.803125 0.69453125 0.05625 0.0765625
2 0.7265625 0.7109375 0.053125 0.078125
2 0.63828125 0.6890625 0.0484375 0.08125
2 0.6796875 0.58125 0.053125 0.08125
2 0.725 0.39609375 0.053125 0.0796875
2 0.65390625 0.44453125 0.0546875 0.0796875
2 0.6171875 0.5453125 0.05 0.084375
2 0.8046875 0.44453125 0.053125 0.0859375
1 0.76875 0.7265625 0.021875 0.0375
1 0.68203125 0.74140625 0.0296875 0.0296875
1 0.63125 0.696875 0.025 0.034375
1 0.684375 0.66640625 0.025 0.0296875
1 0.759375 0.659375 0.021875 0.04375
1 0.84296875 0.61328125 0.0234375 0.025
1 0.80234375 0.55859375 0.0203125 0.034375
1 0.8421875 0.4796875 0.01875 0.034375
1 0.7921875 0.46796875 0.028125 0.0359375
1 0.76328125 0.3859375 0.0234375 0.034375
1 0.67734375 0.39765625 0.0234375 0.0359375
1 0.61640625 0.471875 0.0234375 0.034375
1 0.68046875 0.49765625 0.0234375 0.040625
1 0.73359375 0.51171875 0.021875 0.0296875
1 0.71640625 0.6078125 0.0296875 0.034375
1 0.640625 0.5984375 0.01875 0.0375
1 0.60546875 0.60390625 0.0234375 0.0359375