3 0.42734375 0.72734375 0.5140625 0.3453125
2 0.45078125 0.8359375 0.0765625 0.053125
2 0.45078125 0.76796875 0.0859375 0.0609375
2 0.30546875 0.803125 0.0765625 0.05625
2 0.2890625 0.7265625 0.078125 0.053125
2 0.3109375 0.63828125 0.08125 0.0484375
2 0.41875 0.6796875 0.08125 0.053125
2 0.60390625 0.725 0.0796875 0.053125
2 0.55546875 0.65390625 0.0796875 0.0546875
2 0.4546875 0.6171875 0.084375 0.05
2 0.55546875 0.8046875 0.0859375 0.053125
1 0.2734375 0.76875 0.0375 0.021875
1 0.25859375 0.68203125 0.0296875 0.0296875
1 0.303125 0.63125 0.034375 0.025
1 0.33359375 0.684375 0.0296875 0.025
1 0.340625 0.759375 0.04375 0.021875
1 0.38671875 0.84296875 0.025 0.0234375
1 0.44140625 0.80234375 0.034375 0.0203125
1 0.5203125 0.8421875 0.034375 0.01875
1 0.53203125 0.7921875 0.0359375 0.028125
1 0.6140625 0.76328125 0.034375 0.0234375
1 0.60234375 0.67734375 0.0359375 0.0234375
1 0.528125 0.61640625 0.034375 0.0234375
1 0.50234375 0.68046875 0.040625 0.0234375
1 0.48828125 0.73359375 0.0296875 0.021875
1 0.3921875 0.71640625 0.034375 0.0296875
1 0.4015625 0.640625 0.0375 0.01875
1 0.39609375 0.60546875 0.0359375 0.0234375