3 0.31171875 0.47109375 0.6203125 0.9421875
3 0.5515625 0.45859375 0.390625 0.446875
1 0.7078125 0.0515625 0.05625 0.078125
1 0.82734375 0.059375 0.0546875 0.084375
1 0.71328125 0.11875 0.0421875 0.059375
1 0.2859375 0.2078125 0.05625 0.084375
1 0.42734375 0.290625 0.053125 0.065625
1 0.39453125 0.32890625 0.04375 0.0578125
1 0.3953125 0.2671875 0.034375 0.0625
1 0.3859375 0.39375 0.034375 0.05625
1 0.35234375 0.37265625 0.040625 0.04375
1 0.3171875 0.321875 0.0375 0.0625
1 0.2796875 0.31015625 0.03125 0.0671875
1 0.28671875 0.4296875 0.0359375 0.05
1 0.29375 0.503125 0.025 0.028125
1 0.159375 0.27734375 0.0375 0.05625
1 0.10859375 0.29296875 0.0578125 0.0828125
1 0.0828125 0.34296875 0.046875 0.0453125
1 0.15234375 0.38671875 0.0421875 0.0484375
1 0.10390625 0.475 0.0578125 0.071875
1 0.1625 0.48984375 0.040625 0.0421875
1 0.07734375 0.56875 0.0484375 0.065625
1 0.02109375 0.590625 0.0421875 0.06875
1 0.1390625 0.59375 0.04375 0.046875
1 0.09296875 0.65546875 0.0484375 0.0578125
1 0.1859375 0.6359375 0.05 0.0625
1 0.24921875 0.57578125 0.0578125 0.0328125
1 0.01953125 0.6765625 0.0390625 0.071875
1 0.10546875 0.75078125 0.046875 0.0484375
1 0.253125 0.68828125 0.0515625 0.0609375
1 0.24453125 0.7640625 0.0421875 0.053125
1 0.22265625 0.8203125 0.0453125 0.065625
1 0.18125 0.80078125 0.040625 0.0390625
1 0.29296875 0.81171875 0.0484375 0.0546875
1 0.34140625 0.725 0.0515625 0.075
1 0.371875 0.6734375 0.0375 0.040625
1 0.434375 0.83125 0.05625 0.084375
1 0.49140625 0.6359375 0.0421875 0.040625
1 0.690625 0.57578125 0.0375 0.0640625
1 0.6265625 0.64375 0.04375 0.05625
1 0.653125 0.62109375 0.04375 0.0671875
1 0.575 0.5875 0.04375 0.053125
1 0.54765625 0.5875 0.0359375 0.046875
1 0.6390625 0.38984375 0.05 0.0671875
1 0.5859375 0.46328125 0.05 0.0703125
1 0.5359375 0.5078125 0.046875 0.046875
1 0.49765625 0.475 0.04375 0.05625