3 0.68828125 0.52890625 0.61953125 0.9421875
3 0.4484375 0.54140625 0.390625 0.446875
1 0.2921875 0.9484375 0.05703125 0.0796875
1 0.17265625 0.940625 0.05546875 0.08515625
1 0.28671875 0.88125 0.0421875 0.059375
1 0.7140625 0.7921875 0.05546875 0.0828125
1 0.57265625 0.709375 0.053125 0.065625
1 0.60546875 0.67109375 0.04375 0.05859375
1 0.6046875 0.7328125 0.034375 0.06328125
1 0.6140625 0.60625 0.03515625 0.0578125
1 0.64765625 0.62734375 0.040625 0.04375
1 0.6828125 0.678125 0.03828125 0.0640625
1 0.7203125 0.68984375 0.03203125 0.06640625
1 0.71328125 0.5703125 0.03671875 0.05078125
1 0.70625 0.496875 0.02421875 0.028125
1 0.840625 0.72265625 0.0390625 0.05625
1 0.89140625 0.70703125 0.05859375 0.08203125
1 0.9171875 0.65703125 0.0453125 0.04609375
1 0.84765625 0.61328125 0.04140625 0.0484375
1 0.89609375 0.525 0.05703125 0.07265625
1 0.8375 0.51015625 0.04140625 0.04296875
1 0.92265625 0.43125 0.04765625 0.065625
1 0.97890625 0.409375 0.04140625 0.06953125
1 0.8609375 0.40625 0.04296875 0.04765625
1 0.90703125 0.34453125 0.04921875 0.05703125
1 0.8140625 0.3640625 0.05 0.0625
1 0.75078125 0.42421875 0.05703125 0.03359375
1 0.98046875 0.3234375 0.03828125 0.07109375
1 0.89453125 0.24921875 0.046875 0.04765625
1 0.746875 0.31171875 0.0515625 0.0609375
1 0.75546875 0.2359375 0.04140625 0.05390625
1 0.77734375 0.1796875 0.0453125 0.06640625
1 0.81875 0.19921875 0.040625 0.03984375
1 0.70703125 0.18828125 0.0484375 0.05390625
1 0.65859375 0.275 0.0515625 0.0734375
1 0.628125 0.3265625 0.0390625 0.04140625
1 0.565625 0.16875 0.05546875 0.084375
1 0.50859375 0.3640625 0.0421875 0.0421875
1 0.309375 0.42421875 0.0375 0.0640625
1 0.3734375 0.35625 0.04296875 0.05703125
1 0.346875 0.37890625 0.04296875 0.0671875
1 0.425 0.4125 0.04296875 0.05390625
1 0.45234375 0.4125 0.03671875 0.04765625
1 0.3609375 0.61015625 0.04921875 0.0671875
1 0.4140625 0.53671875 0.04921875 0.07109375
1 0.4640625 0.4921875 0.0453125 0.0484375
1 0.50234375 0.525 0.04375 0.05625