3 0.47109375 0.68828125 0.9421875 0.6203125
3 0.45859375 0.4484375 0.446875 0.390625
1 0.0515625 0.2921875 0.078125 0.05625
1 0.059375 0.17265625 0.084375 0.0546875
1 0.11875 0.28671875 0.059375 0.0421875
1 0.2078125 0.7140625 0.084375 0.05625
1 0.290625 0.57265625 0.065625 0.053125
1 0.32890625 0.60546875 0.0578125 0.04375
1 0.2671875 0.6046875 0.0625 0.034375
1 0.39375 0.6140625 0.05625 0.034375
1 0.37265625 0.64765625 0.04375 0.040625
1 0.321875 0.6828125 0.0625 0.0375
1 0.31015625 0.7203125 0.0671875 0.03125
1 0.4296875 0.71328125 0.05 0.0359375
1 0.503125 0.70625 0.028125 0.025
1 0.27734375 0.840625 0.05625 0.0375
1 0.29296875 0.89140625 0.0828125 0.0578125
1 0.34296875 0.9171875 0.0453125 0.046875
1 0.38671875 0.84765625 0.0484375 0.0421875
1 0.475 0.89609375 0.071875 0.0578125
1 0.48984375 0.8375 0.0421875 0.040625
1 0.56875 0.92265625 0.065625 0.0484375
1 0.590625 0.97890625 0.06875 0.0421875
1 0.59375 0.8609375 0.046875 0.04375
1 0.65546875 0.90703125 0.0578125 0.0484375
1 0.6359375 0.8140625 0.0625 0.05
1 0.57578125 0.75078125 0.0328125 0.0578125
1 0.6765625 0.98046875 0.071875 0.0390625
1 0.75078125 0.89453125 0.0484375 0.046875
1 0.68828125 0.746875 0.0609375 0.05
1 0.7640625 0.75546875 0.053125 0.0421875
1 0.8203125 0.77734375 0.065625 0.0453125
1 0.80078125 0.81875 0.0390625 0.040625
1 0.81171875 0.70703125 0.0546875 0.0484375
1 0.725 0.65859375 0.075 0.0515625
1 0.6734375 0.628125 0.040625 0.0375
1 0.83125 0.565625 0.084375 0.05625
1 0.6359375 0.50859375 0.040625 0.0421875
1 0.57578125 0.309375 0.0640625 0.0375
1 0.64375 0.3734375 0.05625 0.04375
1 0.62109375 0.346875 0.0671875 0.04375
1 0.5875 0.425 0.053125 0.04375
1 0.5875 0.45234375 0.046875 0.0359375
1 0.38984375 0.3609375 0.0671875 0.05
1 0.46328125 0.4140625 0.0703125 0.05
1 0.5078125 0.4640625 0.046875 0.046875
1 0.475 0.50234375 0.05625 0.04375