3 0.259375 0.23359375 0.51875 0.4671875
3 0.56015625 0.5 0.8796875 1
3 0.1609375 0.70390625 0.321875 0.3671875
1 0.2296875 0.5390625 0.0515625 0.0484375
1 0.1484375 0.6546875 0.05234375 0.05859375
1 0.45390625 0.71484375 0.0640625 0.06015625
1 0.74453125 0.659375 0.0546875 0.0359375
1 0.765625 0.51875 0.07421875 0.05546875
1 0.571875 0.28671875 0.05625 0.0484375
1 0.440625 0.3171875 0.05390625 0.05390625
1 0.2515625 0.271875 0.06640625 0.04921875
1 0.1625 0.34296875 0.04609375 0.03359375
1 0.31796875 0.34140625 0.02265625 0.03671875
1 0.54453125 0.06484375 0.05546875 0.05859375
1 0.8640625 0.71484375 0.046875 0.059375
1 0.8953125 0.64921875 0.07734375 0.0640625
1 0.91484375 0.7640625 0.065625 0.04921875
1 0.4671875 0.6640625 0.0296875 0.0390625
1 0.52578125 0.55703125 0.040625 0.03515625
1 0.64453125 0.82109375 0.021875 0.03515625
1 0.55078125 0.9453125 0.08828125 0.04609375
1 0.784375 0.1875 0.06015625 0.03828125