3 0.740625 0.76640625 0.51875 0.4671875
3 0.43984375 0.5 0.8796875 1
3 0.8390625 0.29609375 0.321875 0.3671875
1 0.7703125 0.4609375 0.053125 0.046875
1 0.8515625 0.3453125 0.053125 0.059375
1 0.54609375 0.28515625 0.0640625 0.0609375
1 0.25546875 0.340625 0.0546875 0.0375
1 0.234375 0.48125 0.075 0.05625
1 0.428125 0.71328125 0.05625 0.0484375
1 0.559375 0.6828125 0.053125 0.053125
1 0.7484375 0.728125 0.065625 0.05
1 0.8375 0.65703125 0.046875 0.0328125
1 0.68203125 0.65859375 0.0234375 0.0359375
1 0.45546875 0.93515625 0.0546875 0.0578125
1 0.1359375 0.28515625 0.046875 0.059375
1 0.1046875 0.35078125 0.078125 0.0640625
1 0.08515625 0.2359375 0.065625 0.05
1 0.5328125 0.3359375 0.028125 0.040625
1 0.47421875 0.44296875 0.040625 0.0359375
1 0.35546875 0.17890625 0.021875 0.0359375
1 0.44921875 0.0546875 0.0890625 0.046875
1 0.215625 0.8125 0.059375 0.0375