3 0.23359375 0.740625 0.4671875 0.51875
3 0.5 0.43984375 1 0.8796875
3 0.70390625 0.8390625 0.3671875 0.321875
1 0.5390625 0.7703125 0.046875 0.053125
1 0.6546875 0.8515625 0.059375 0.053125
1 0.71484375 0.54609375 0.0609375 0.0640625
1 0.659375 0.25546875 0.0375 0.0546875
1 0.51875 0.234375 0.05625 0.075
1 0.28671875 0.428125 0.0484375 0.05625
1 0.3171875 0.559375 0.053125 0.053125
1 0.271875 0.7484375 0.05 0.065625
1 0.34296875 0.8375 0.0328125 0.046875
1 0.34140625 0.68203125 0.0359375 0.0234375
1 0.06484375 0.45546875 0.0578125 0.0546875
1 0.71484375 0.1359375 0.059375 0.046875
1 0.64921875 0.1046875 0.0640625 0.078125
1 0.7640625 0.08515625 0.05 0.065625
1 0.6640625 0.5328125 0.040625 0.028125
1 0.55703125 0.47421875 0.0359375 0.040625
1 0.82109375 0.35546875 0.0359375 0.021875
1 0.9453125 0.44921875 0.046875 0.0890625
1 0.1875 0.215625 0.0375 0.059375