3 0.359375 0.49921875 0.559375 0.5859375
1 0.51171875 0.56171875 0.0359375 0.0359375
1 0.40703125 0.621875 0.0359375 0.0375
1 0.265625 0.58984375 0.03125 0.0265625
1 0.2734375 0.67265625 0.034375 0.034375
1 0.21640625 0.7125 0.0359375 0.028125
1 0.30625 0.53125 0.021875 0.03125
1 0.18671875 0.46328125 0.0296875 0.028125
1 0.190625 0.41015625 0.034375 0.03125
1 0.2328125 0.35390625 0.05 0.0359375
1 0.3203125 0.3484375 0.025 0.028125
1 0.39375 0.32109375 0.05 0.0390625
1 0.475 0.3359375 0.0375 0.028125
1 0.3359375 0.440625 0.04375 0.03125
1 0.384375 0.41640625 0.021875 0.0140625
1 0.359375 0.6921875 0.025 0.034375
1 0.3328125 0.615625 0.034375 0.021875
1 0.30625 0.5953125 0.01875 0.01875
1 0.2734375 0.56015625 0.034375 0.0265625