3 0.50078125 0.359375 0.58515625 0.56015625
1 0.43828125 0.51171875 0.03515625 0.0359375
1 0.378125 0.40703125 0.03828125 0.0359375
1 0.41015625 0.265625 0.02578125 0.03046875
1 0.32734375 0.2734375 0.034375 0.03515625
1 0.2875 0.21640625 0.02734375 0.03671875
1 0.46875 0.30625 0.03046875 0.02265625
1 0.53671875 0.18671875 0.028125 0.02890625
1 0.58984375 0.190625 0.03125 0.03515625
1 0.64609375 0.2328125 0.0359375 0.04921875
1 0.6515625 0.3203125 0.0265625 0.025
1 0.67890625 0.39375 0.03984375 0.0515625
1 0.6640625 0.475 0.02890625 0.03828125
1 0.559375 0.3359375 0.03046875 0.04375
1 0.58359375 0.384375 0.01484375 0.02265625
1 0.3078125 0.359375 0.034375 0.0234375
1 0.384375 0.3328125 0.021875 0.0359375
1 0.4046875 0.30625 0.01953125 0.0203125
1 0.43984375 0.2734375 0.02734375 0.03515625