3 0.640625 0.50078125 0.559375 0.5859375
1 0.48828125 0.43828125 0.0359375 0.0359375
1 0.59296875 0.378125 0.0359375 0.0375
1 0.734375 0.41015625 0.03125 0.0265625
1 0.7265625 0.32734375 0.034375 0.034375
1 0.78359375 0.2875 0.0359375 0.028125
1 0.69375 0.46875 0.021875 0.03125
1 0.81328125 0.53671875 0.0296875 0.028125
1 0.809375 0.58984375 0.034375 0.03125
1 0.7671875 0.64609375 0.05 0.0359375
1 0.6796875 0.6515625 0.025 0.028125
1 0.60625 0.67890625 0.05 0.0390625
1 0.525 0.6640625 0.0375 0.028125
1 0.6640625 0.559375 0.04375 0.03125
1 0.615625 0.58359375 0.021875 0.0140625
1 0.640625 0.3078125 0.025 0.034375
1 0.6671875 0.384375 0.034375 0.021875
1 0.69375 0.4046875 0.01875 0.01875
1 0.7265625 0.43984375 0.034375 0.0265625