3 0.55625 0.259375 0.21171875 0.3515625
3 0.4421875 0.35078125 0.41640625 0.47890625
3 0.34296875 0.53515625 0.4203125 0.5328125
3 0.4421875 0.53671875 0.4328125 0.57109375
3 0.33984375 0.66796875 0.4609375 0.31484375
3 0.3375 0.88203125 0.39609375 0.1703125
0 0.734375 0.365625 0.1234375 0.071875
0 0.7296875 0.5015625 0.0859375 0.13046875
0 0.55859375 0.5046875 0.0265625 0.075
0 0.49140625 0.5921875 0.01640625 0.06953125
0 0.2484375 0.68203125 0.0296875 0.10625
0 0.2984375 0.4625 0.02734375 0.090625
0 0.43515625 0.290625 0.05625 0.04765625
2 0.50703125 0.334375 0.0875 0.1609375
2 0.53828125 0.23671875 0.04296875 0.0484375
2 0.28515625 0.39375 0.07890625 0.09140625
2 0.53671875 0.64140625 0.1109375 0.1375
2 0.453125 0.5109375 0.08828125 0.14921875
2 0.26171875 0.6671875 0.109375 0.12109375
2 0.4 0.73203125 0.09375 0.1078125
0 0.253125 0.684375 0.03828125 0.0953125
0 0.6109375 0.36171875 0.0484375 0.02734375