3 0.259375 0.44375 0.35 0.2125
3 0.35078125 0.5578125 0.4796875 0.415625
3 0.53515625 0.65703125 0.5328125 0.4203125
3 0.53671875 0.5578125 0.5703125 0.434375
3 0.66796875 0.66015625 0.3140625 0.4609375
3 0.88203125 0.6625 0.1703125 0.396875
0 0.365625 0.265625 0.071875 0.125
0 0.5015625 0.2703125 0.13125 0.084375
0 0.5046875 0.44140625 0.075 0.0265625
0 0.5921875 0.50859375 0.06875 0.0171875
0 0.68203125 0.7515625 0.10625 0.028125
0 0.4625 0.7015625 0.090625 0.028125
0 0.290625 0.56484375 0.046875 0.05625
2 0.334375 0.49296875 0.1625 0.0875
2 0.23671875 0.46171875 0.0484375 0.0421875
2 0.39375 0.71484375 0.090625 0.0796875
2 0.64140625 0.46328125 0.1375 0.1109375
2 0.5109375 0.546875 0.15 0.0875
2 0.6671875 0.73828125 0.121875 0.109375
2 0.73203125 0.6 0.1078125 0.09375
0 0.684375 0.746875 0.09375 0.0375
0 0.36171875 0.3890625 0.0265625 0.046875