3 0.23359375 0.565625 0.4640625 0.625
3 0.3828125 0.47421875 0.496875 0.278125
1 0.58203125 0.91015625 0.0734375 0.0703125
1 0.5375 0.85234375 0.06875 0.059375
1 0.61875 0.87109375 0.0875 0.0625
1 0.66875 0.9234375 0.090625 0.06875
1 0.7171875 0.85859375 0.08125 0.05625
1 0.66875 0.81328125 0.0625 0.0390625
1 0.596875 0.81171875 0.084375 0.0453125
1 0.2859375 0.95859375 0.05625 0.0515625
1 0.33515625 0.97265625 0.0640625 0.0359375
1 0.371875 0.9859375 0.053125 0.028125
1 0.421875 0.98046875 0.08125 0.0390625
1 0.45390625 0.94140625 0.053125 0.04375
1 0.39375 0.94453125 0.0625 0.0546875
1 0.309375 0.9359375 0.059375 0.025
1 0.2796875 0.9046875 0.05 0.046875
1 0.32890625 0.890625 0.0734375 0.071875
1 0.409375 0.896875 0.075 0.04375
0 0.1296875 0.7171875 0.075 0.103125
0 0.0390625 0.60703125 0.078125 0.0453125
0 0.4125 0.5046875 0.153125 0.134375
0 0.0109375 0.43828125 0.021875 0.0484375
1 0.01875 0.78046875 0.0375 0.0421875
1 0.19609375 0.71328125 0.0609375 0.021875
1 0.31640625 0.57421875 0.0609375 0.0375
1 0.4484375 0.5359375 0.059375 0.046875
1 0.2265625 0.42578125 0.071875 0.0390625