3 0.434375 0.23359375 0.625 0.4640625
3 0.52578125 0.3828125 0.278125 0.496875
1 0.08984375 0.58203125 0.0703125 0.0734375
1 0.14765625 0.5375 0.059375 0.06875
1 0.12890625 0.61875 0.0625 0.0875
1 0.0765625 0.66875 0.06875 0.090625
1 0.14140625 0.7171875 0.05625 0.08125
1 0.18671875 0.66875 0.0390625 0.0625
1 0.18828125 0.596875 0.0453125 0.084375
1 0.04140625 0.2859375 0.0515625 0.05625
1 0.02734375 0.33515625 0.0359375 0.0640625
1 0.0140625 0.371875 0.028125 0.053125
1 0.01953125 0.421875 0.0390625 0.08125
1 0.05859375 0.45390625 0.04375 0.053125
1 0.05546875 0.39375 0.0546875 0.0625
1 0.0640625 0.309375 0.025 0.059375
1 0.0953125 0.2796875 0.046875 0.05
1 0.109375 0.32890625 0.071875 0.0734375
1 0.103125 0.409375 0.04375 0.075
0 0.2828125 0.1296875 0.103125 0.075
0 0.39296875 0.0390625 0.0453125 0.078125
0 0.4953125 0.4125 0.134375 0.153125
0 0.56171875 0.0109375 0.0484375 0.021875
1 0.21953125 0.01875 0.0421875 0.0375
1 0.28671875 0.19609375 0.021875 0.0609375
1 0.42578125 0.31640625 0.0375 0.0609375
1 0.4640625 0.4484375 0.046875 0.059375
1 0.57421875 0.2265625 0.0390625 0.071875