3 0.33828125 0.3671875 0.2828125 0.140625
3 0.34609375 0.5078125 0.2890625 0.140625
3 0.85625 0.22421875 0.25625 0.1328125
3 0.6 0.4921875 0.259375 0.115625
3 0.35859375 0.61171875 0.2921875 0.1296875
3 0.61171875 0.59296875 0.2734375 0.1078125
3 0.35859375 0.72265625 0.2796875 0.1328125
3 0.62578125 0.70859375 0.2546875 0.1484375
0 0.0625 0.3109375 0.125 0.04375
0 0.0515625 0.38046875 0.103125 0.1015625
0 0.11015625 0.34609375 0.1 0.04375
0 0.36640625 0.35234375 0.059375 0.0453125
0 0.68828125 0.24140625 0.04375 0.0390625
0 0.78828125 0.24453125 0.0796875 0.0546875
0 0.89375 0.2625 0.059375 0.025
0 0.33125 0.4984375 0.0625 0.0625
0 0.371875 0.5765625 0.05625 0.025
0 0.3609375 0.61796875 0.021875 0.04375
0 0.41640625 0.62265625 0.06875 0.0453125
0 0.51015625 0.5203125 0.0390625 0.065625
0 0.5046875 0.4484375 0.040625 0.028125
0 0.57578125 0.50625 0.05625 0.059375
0 0.6453125 0.478125 0.05625 0.04375
0 0.5296875 0.6734375 0.065625 0.040625
0 0.62109375 0.70546875 0.0515625 0.0578125
0 0.69921875 0.715625 0.04375 0.040625
0 0.425 0.6921875 0.040625 0.03125
0 0.28515625 0.73046875 0.046875 0.0359375