3 0.66171875 0.6328125 0.2828125 0.140625
3 0.65390625 0.4921875 0.2890625 0.140625
3 0.14375 0.77578125 0.25625 0.1328125
3 0.4 0.5078125 0.259375 0.115625
3 0.64140625 0.38828125 0.2921875 0.1296875
3 0.38828125 0.40703125 0.2734375 0.1078125
3 0.64140625 0.27734375 0.2796875 0.1328125
3 0.37421875 0.29140625 0.2546875 0.1484375
0 0.9375 0.6890625 0.125 0.04375
0 0.9484375 0.61953125 0.103125 0.1015625
0 0.88984375 0.65390625 0.1 0.04375
0 0.63359375 0.64765625 0.059375 0.0453125
0 0.31171875 0.75859375 0.04375 0.0390625
0 0.21171875 0.75546875 0.0796875 0.0546875
0 0.10625 0.7375 0.059375 0.025
0 0.66875 0.5015625 0.0625 0.0625
0 0.628125 0.4234375 0.05625 0.025
0 0.6390625 0.38203125 0.021875 0.04375
0 0.58359375 0.37734375 0.06875 0.0453125
0 0.48984375 0.4796875 0.0390625 0.065625
0 0.4953125 0.5515625 0.040625 0.028125
0 0.42421875 0.49375 0.05625 0.059375
0 0.3546875 0.521875 0.05625 0.04375
0 0.4703125 0.3265625 0.065625 0.040625
0 0.37890625 0.29453125 0.0515625 0.0578125
0 0.30078125 0.284375 0.04375 0.040625
0 0.575 0.3078125 0.040625 0.03125
0 0.71484375 0.26953125 0.046875 0.0359375