3 0.4890625 0.528125 0.615625 0.490625
2 0.65859375 0.37265625 0.0671875 0.0578125
2 0.69609375 0.48828125 0.065625 0.0421875
2 0.6421875 0.62890625 0.05 0.03125
2 0.64296875 0.596875 0.0296875 0.0125
2 0.62265625 0.69140625 0.0671875 0.0453125
2 0.28125 0.5890625 0.05625 0.040625
2 0.30625 0.65546875 0.034375 0.0328125
2 0.34921875 0.36484375 0.0609375 0.0484375
1 0.5328125 0.6078125 0.03125 0.021875
1 0.590625 0.415625 0.04375 0.025
1 0.6828125 0.51484375 0.025 0.0109375
1 0.7421875 0.47578125 0.028125 0.0171875
1 0.55859375 0.56953125 0.025 0.0171875
1 0.6328125 0.65703125 0.028125 0.0203125
1 0.58125 0.6703125 0.040625 0.015625
1 0.37109375 0.66328125 0.034375 0.0265625
1 0.4171875 0.63984375 0.021875 0.0125
1 0.30234375 0.55390625 0.0234375 0.0234375
1 0.34765625 0.54140625 0.025 0.0140625
1 0.29765625 0.46796875 0.0203125 0.0171875
1 0.38203125 0.39140625 0.0265625 0.021875
1 0.38359375 0.35390625 0.0109375 0.0265625