3 0.528125 0.5109375 0.48984375 0.61640625
2 0.37265625 0.34140625 0.05859375 0.06640625
2 0.48828125 0.30390625 0.04140625 0.065625
2 0.62890625 0.3578125 0.03125 0.04921875
2 0.596875 0.35703125 0.0140625 0.03046875
2 0.69140625 0.37734375 0.04609375 0.0671875
2 0.5890625 0.71875 0.04140625 0.05703125
2 0.65546875 0.69375 0.03359375 0.03359375
2 0.36484375 0.65078125 0.04921875 0.06171875
1 0.6078125 0.4671875 0.02265625 0.03125
1 0.415625 0.409375 0.0234375 0.04453125
1 0.51484375 0.3171875 0.01171875 0.025
1 0.47578125 0.2578125 0.0171875 0.0296875
1 0.56953125 0.44140625 0.01796875 0.025
1 0.65703125 0.3671875 0.02109375 0.02890625
1 0.6703125 0.41875 0.01640625 0.04140625
1 0.66328125 0.62890625 0.0265625 0.034375
1 0.63984375 0.5828125 0.0125 0.02109375
1 0.55390625 0.69765625 0.02265625 0.02421875
1 0.54140625 0.65234375 0.01328125 0.025
1 0.46796875 0.70234375 0.01640625 0.01953125
1 0.39140625 0.61796875 0.021875 0.02734375
1 0.35390625 0.61640625 0.02578125 0.01171875