3 0.5109375 0.471875 0.615625 0.490625
2 0.34140625 0.62734375 0.0671875 0.0578125
2 0.30390625 0.51171875 0.065625 0.0421875
2 0.3578125 0.37109375 0.05 0.03125
2 0.35703125 0.403125 0.0296875 0.0125
2 0.37734375 0.30859375 0.0671875 0.0453125
2 0.71875 0.4109375 0.05625 0.040625
2 0.69375 0.34453125 0.034375 0.0328125
2 0.65078125 0.63515625 0.0609375 0.0484375
1 0.4671875 0.3921875 0.03125 0.021875
1 0.409375 0.584375 0.04375 0.025
1 0.3171875 0.48515625 0.025 0.0109375
1 0.2578125 0.52421875 0.028125 0.0171875
1 0.44140625 0.43046875 0.025 0.0171875
1 0.3671875 0.34296875 0.028125 0.0203125
1 0.41875 0.3296875 0.040625 0.015625
1 0.62890625 0.33671875 0.034375 0.0265625
1 0.5828125 0.36015625 0.021875 0.0125
1 0.69765625 0.44609375 0.0234375 0.0234375
1 0.65234375 0.45859375 0.025 0.0140625
1 0.70234375 0.53203125 0.0203125 0.0171875
1 0.61796875 0.60859375 0.0265625 0.021875
1 0.61640625 0.64609375 0.0109375 0.0265625