3 0.421875 0.30390625 0.728125 0.4796875
1 0.51796875 0.14140625 0.0546875 0.0234375
1 0.63203125 0.34296875 0.040625 0.0265625
1 0.659375 0.26328125 0.0375 0.0234375
1 0.5796875 0.2265625 0.040625 0.025
1 0.26640625 0.14375 0.0390625 0.025
1 0.23203125 0.209375 0.04375 0.021875
1 0.24765625 0.22734375 0.0390625 0.0171875
1 0.2546875 0.27421875 0.0375 0.0265625
1 0.34921875 0.24296875 0.0296875 0.0296875
1 0.37265625 0.28046875 0.0578125 0.0265625
1 0.46953125 0.303125 0.053125 0.021875
1 0.53125 0.35 0.040625 0.03125
1 0.68125 0.4015625 0.0375 0.021875
1 0.4671875 0.45703125 0.034375 0.01875
1 0.3734375 0.49609375 0.021875 0.0171875
1 0.36484375 0.41171875 0.0421875 0.025
1 0.303125 0.40078125 0.0375 0.0234375
1 0.2375 0.35 0.0375 0.028125