3 0.578125 0.69609375 0.72734375 0.47890625
1 0.48203125 0.85859375 0.0546875 0.02265625
1 0.36796875 0.65703125 0.040625 0.02578125
1 0.340625 0.73671875 0.0375 0.0234375
1 0.4203125 0.7734375 0.040625 0.025
1 0.73359375 0.85625 0.0390625 0.02578125
1 0.76796875 0.790625 0.04375 0.02109375
1 0.75234375 0.77265625 0.0390625 0.0171875
1 0.7453125 0.72578125 0.0375 0.02578125
1 0.65078125 0.75703125 0.02890625 0.0296875
1 0.62734375 0.71953125 0.05859375 0.0265625
1 0.53046875 0.696875 0.053125 0.02109375
1 0.46875 0.65 0.04140625 0.03046875
1 0.31875 0.5984375 0.0359375 0.02109375
1 0.5328125 0.54296875 0.034375 0.01875
1 0.6265625 0.50390625 0.0203125 0.01640625
1 0.63515625 0.58828125 0.04296875 0.025
1 0.696875 0.59921875 0.03828125 0.02421875
1 0.7625 0.65 0.0390625 0.02890625