3 0.30390625 0.578125 0.4796875 0.728125
1 0.14140625 0.48203125 0.0234375 0.0546875
1 0.34296875 0.36796875 0.0265625 0.040625
1 0.26328125 0.340625 0.0234375 0.0375
1 0.2265625 0.4203125 0.025 0.040625
1 0.14375 0.73359375 0.025 0.0390625
1 0.209375 0.76796875 0.021875 0.04375
1 0.22734375 0.75234375 0.0171875 0.0390625
1 0.27421875 0.7453125 0.0265625 0.0375
1 0.24296875 0.65078125 0.0296875 0.0296875
1 0.28046875 0.62734375 0.0265625 0.0578125
1 0.303125 0.53046875 0.021875 0.053125
1 0.35 0.46875 0.03125 0.040625
1 0.4015625 0.31875 0.021875 0.0375
1 0.45703125 0.5328125 0.01875 0.034375
1 0.49609375 0.6265625 0.0171875 0.021875
1 0.41171875 0.63515625 0.025 0.0421875
1 0.40078125 0.696875 0.0234375 0.0375
1 0.35 0.7625 0.028125 0.0375