2 0.50859375 0.4921875 0.0875 0.103125
2 0.68515625 0.43515625 0.0828125 0.065625
2 0.6609375 0.33359375 0.084375 0.0609375
2 0.59375 0.2 0.096875 0.084375
2 0.69921875 0.08515625 0.1203125 0.0921875
2 0.746875 0.2171875 0.071875 0.0625
2 0.52578125 0.0453125 0.0890625 0.084375
2 0.36640625 0.1515625 0.096875 0.078125
2 0.43359375 0.24921875 0.1015625 0.0640625
2 0.359375 0.32734375 0.0890625 0.0640625
2 0.48046875 0.3265625 0.0703125 0.065625
2 0.5078125 0.49296875 0.0875 0.1078125
1 0.6625 0.26171875 0.04375 0.0390625
1 0.6015625 0.3234375 0.034375 0.05
1 0.528125 0.24140625 0.040625 0.0359375
1 0.6125 0.07734375 0.05 0.04375
1 0.78671875 0.14296875 0.04375 0.0421875
1 0.734375 0.39375 0.034375 0.034375
1 0.53515625 0.58984375 0.0390625 0.0375
1 0.33828125 0.40703125 0.03125 0.0328125
1 0.31953125 0.2109375 0.0296875 0.046875
1 0.38984375 0.09140625 0.053125 0.0375
1 0.1796875 0.46953125 0.034375 0.04375
1 0.15390625 0.5046875 0.03125 0.046875
1 0.1015625 0.44765625 0.034375 0.046875
1 0.5078125 0.6125 0.021875 0.03125
1 0.4609375 0.56875 0.040625 0.0375
1 0.375 0.4484375 0.01875 0.034375
0 0.07890625 0.19296875 0.1578125 0.1359375
0 0.021875 0.0953125 0.04375 0.096875
0 0.0203125 0.2203125 0.040625 0.08125
0 0.3234375 0.27734375 0.06875 0.084375
0 0.33515625 0.43359375 0.0703125 0.0578125
0 0.45078125 0.39375 0.0421875 0.053125
0 0.509375 0.40078125 0.090625 0.0609375
0 0.51328125 0.5625 0.0796875 0.090625
0 0.6515625 0.4796875 0.05625 0.046875
0 0.73828125 0.46328125 0.0421875 0.0625
0 0.7734375 0.3546875 0.071875 0.065625
0 0.684375 0.4078125 0.040625 0.04375
0 0.715625 0.31875 0.04375 0.05625
0 0.59375 0.24296875 0.1 0.0859375
0 0.66328125 0.21171875 0.0359375 0.0609375
0 0.51953125 0.31015625 0.0859375 0.0640625
0 0.33671875 0.15078125 0.14375 0.1046875
0 0.45625 0.2109375 0.084375 0.071875
0 0.36875 0.0328125 0.1125 0.065625
0 0.46875 0.0609375 0.06875 0.071875
0 0.759375 0.10859375 0.14375 0.0734375
0 0.878125 0.02890625 0.046875 0.0578125
0 0.78203125 0.2265625 0.0390625 0.05
0 0.696875 0.00859375 0.046875 0.0171875
1 0.37734375 0.48671875 0.0328125 0.0359375
2 0.57890625 0.2828125 0.046875 0.05