2 0.49140625 0.5078125 0.0875 0.103125
2 0.31484375 0.56484375 0.08359375 0.065625
2 0.3390625 0.66640625 0.08515625 0.06171875
2 0.40625 0.8 0.096875 0.084375
2 0.30078125 0.91484375 0.1203125 0.09140625
2 0.253125 0.7828125 0.07265625 0.06328125
2 0.47421875 0.9546875 0.0890625 0.0859375
2 0.63359375 0.8484375 0.096875 0.0796875
2 0.56640625 0.75078125 0.1015625 0.06484375
2 0.640625 0.67265625 0.0890625 0.06484375
2 0.51953125 0.6734375 0.07109375 0.0640625
2 0.4921875 0.50703125 0.08671875 0.1078125
1 0.3375 0.73828125 0.04375 0.03984375
1 0.3984375 0.6765625 0.03359375 0.05078125
1 0.471875 0.75859375 0.03984375 0.0359375
1 0.3875 0.92265625 0.04921875 0.04375
1 0.21328125 0.85703125 0.04375 0.04140625
1 0.265625 0.60625 0.03359375 0.034375
1 0.46484375 0.41015625 0.03828125 0.0375
1 0.66171875 0.59296875 0.03125 0.0328125
1 0.68046875 0.7890625 0.03046875 0.04765625
1 0.61015625 0.90859375 0.053125 0.0375
1 0.8203125 0.53046875 0.0359375 0.04375
1 0.84609375 0.4953125 0.03125 0.04609375
1 0.8984375 0.55234375 0.0328125 0.046875
1 0.4921875 0.3875 0.02109375 0.03125
1 0.5390625 0.43125 0.040625 0.0375
1 0.625 0.5515625 0.0171875 0.0328125
0 0.92109375 0.80703125 0.1578125 0.1359375
0 0.978125 0.9046875 0.04375 0.0984375
0 0.9796875 0.7796875 0.040625 0.08125
0 0.6765625 0.72265625 0.06875 0.084375
0 0.66484375 0.56640625 0.07109375 0.05703125
0 0.54921875 0.60625 0.04140625 0.05390625
0 0.490625 0.59921875 0.08984375 0.06171875
0 0.48671875 0.4375 0.07890625 0.08984375
0 0.3484375 0.5203125 0.05625 0.046875
0 0.26171875 0.53671875 0.04296875 0.0625
0 0.2265625 0.6453125 0.0703125 0.06484375
0 0.315625 0.5921875 0.04140625 0.04453125
0 0.284375 0.68125 0.04375 0.0546875
0 0.40625 0.75703125 0.1 0.08515625
0 0.33671875 0.78828125 0.03671875 0.06171875
0 0.48046875 0.68984375 0.08515625 0.06484375
0 0.66328125 0.84921875 0.14375 0.10546875
0 0.54375 0.7890625 0.08515625 0.07265625
0 0.63125 0.9671875 0.11171875 0.065625
0 0.53125 0.9390625 0.0671875 0.0703125
0 0.240625 0.89140625 0.1421875 0.0734375
0 0.121875 0.97109375 0.046875 0.0578125
0 0.21796875 0.7734375 0.03828125 0.04921875
0 0.303125 0.99140625 0.046875 0.0171875
1 0.62265625 0.51328125 0.0328125 0.0359375
2 0.42109375 0.7171875 0.046875 0.05