3 0.50078125 0.6109375 0.9984375 0.778125
2 0.26015625 0.3875 0.15625 0.09375
2 0.5734375 0.38125 0.15625 0.07890625
2 0.85 0.328125 0.13046875 0.0734375
2 0.27578125 0.5359375 0.18515625 0.11171875
2 0.0734375 0.73359375 0.146875 0.12421875
2 0.3953125 0.77421875 0.2328125 0.18984375
2 0.62734375 0.5296875 0.1640625 0.11875
2 0.76484375 0.65546875 0.23125 0.14453125
2 0.88515625 0.5203125 0.203125 0.11953125
2 0.9203125 0.83125 0.159375 0.20390625
2 0.1484375 0.9578125 0.29375 0.08359375
0 0.5859375 0.78828125 0.134375 0.16171875
0 0.12578125 0.8015625 0.24453125 0.11328125
0 0.08046875 0.62890625 0.1609375 0.0765625
0 0.11875 0.49375 0.1953125 0.08671875
0 0.34296875 0.65078125 0.14453125 0.04296875
0 0.5890625 0.7859375 0.140625 0.16953125
0 0.47578125 0.58125 0.19296875 0.12578125
0 0.4875 0.4171875 0.1265625 0.07578125
0 0.28984375 0.3234375 0.09453125 0.05078125
0 0.60390625 0.31015625 0.0828125 0.034375
0 0.75078125 0.3703125 0.1375 0.06015625
0 0.9125 0.2734375 0.053125 0.09453125
0 0.87734375 0.60859375 0.0875 0.0671875
0 0.9859375 0.46640625 0.028125 0.0921875
0 0.97109375 0.846875 0.05546875 0.17578125