3 0.3890625 0.50078125 0.778125 0.9984375
2 0.6125 0.26015625 0.09375 0.15625
2 0.61875 0.5734375 0.078125 0.15625
2 0.671875 0.85 0.075 0.13125
2 0.4640625 0.27578125 0.1125 0.1859375
2 0.26640625 0.0734375 0.1234375 0.146875
2 0.22578125 0.3953125 0.1890625 0.234375
2 0.4703125 0.62734375 0.11875 0.1640625
2 0.34453125 0.76484375 0.1453125 0.23125
2 0.4796875 0.88515625 0.11875 0.203125
2 0.16875 0.9203125 0.203125 0.159375
2 0.0421875 0.1484375 0.084375 0.29375
0 0.21171875 0.5859375 0.1609375 0.134375
0 0.1984375 0.12578125 0.1125 0.2453125
0 0.37109375 0.08046875 0.0765625 0.1609375
0 0.50625 0.11875 0.0875 0.19375
0 0.34921875 0.34296875 0.0421875 0.1453125
0 0.2140625 0.5890625 0.16875 0.140625
0 0.41875 0.47578125 0.125 0.1921875
0 0.5828125 0.4875 0.075 0.125
0 0.6765625 0.28984375 0.05 0.0953125
0 0.68984375 0.60390625 0.034375 0.0828125
0 0.6296875 0.75078125 0.059375 0.1375
0 0.7265625 0.9125 0.09375 0.053125
0 0.39140625 0.87734375 0.0671875 0.0875
0 0.53359375 0.9859375 0.0921875 0.028125
0 0.153125 0.97109375 0.175 0.0546875