0 0.87890625 0.8296875 0.2421875 0.340625
3 0.6484375 0.4203125 0.3078125 0.46640625
1 0.59765625 0.2734375 0.02421875 0.03359375
1 0.53125 0.35703125 0.02265625 0.034375
1 0.61953125 0.384375 0.0375 0.0484375
1 0.65546875 0.47890625 0.0265625 0.0390625
1 0.728125 0.44296875 0.02421875 0.0453125
1 0.72265625 0.50390625 0.02265625 0.0328125
1 0.665625 0.58828125 0.02421875 0.0375
1 0.58359375 0.5515625 0.021875 0.03203125
1 0.55078125 0.47265625 0.02421875 0.03671875
1 0.7078125 0.26796875 0.025 0.03671875
2 0.51484375 0.4125 0.02890625 0.059375
2 0.5390625 0.403125 0.034375 0.04453125
2 0.53125 0.4453125 0.03203125 0.04296875
2 0.52109375 0.4875 0.028125 0.059375
2 0.54296875 0.54453125 0.02890625 0.0453125
2 0.5453125 0.51015625 0.025 0.03203125
2 0.57890625 0.59375 0.025 0.04921875
2 0.60390625 0.58671875 0.03125 0.05546875
2 0.61328125 0.5484375 0.0203125 0.0296875
2 0.69296875 0.5453125 0.03828125 0.05234375
2 0.67265625 0.59609375 0.04765625 0.053125
2 0.6265625 0.59609375 0.04609375 0.05234375
2 0.7140625 0.57890625 0.02578125 0.0390625
2 0.7484375 0.5265625 0.0359375 0.0640625
2 0.74921875 0.478125 0.0296875 0.04453125
2 0.775 0.475 0.021875 0.0578125
2 0.64140625 0.2390625 0.04609375 0.04453125
2 0.66875 0.27578125 0.03671875 0.06484375
2 0.69296875 0.2515625 0.0390625 0.0546875
2 0.73515625 0.27890625 0.028125 0.04921875