0 0.12109375 0.1703125 0.2421875 0.340625
3 0.3515625 0.5796875 0.309375 0.465625
1 0.40234375 0.7265625 0.0234375 0.034375
1 0.46875 0.64296875 0.021875 0.034375
1 0.38046875 0.615625 0.0375 0.05
1 0.34453125 0.52109375 0.0265625 0.0390625
1 0.271875 0.55703125 0.025 0.0453125
1 0.27734375 0.49609375 0.0234375 0.0328125
1 0.334375 0.41171875 0.025 0.0375
1 0.41640625 0.4484375 0.021875 0.03125
1 0.44921875 0.52734375 0.0234375 0.0359375
1 0.2921875 0.73203125 0.025 0.0359375
2 0.48515625 0.5875 0.0296875 0.059375
2 0.4609375 0.596875 0.034375 0.04375
2 0.46875 0.5546875 0.03125 0.04375
2 0.47890625 0.5125 0.028125 0.059375
2 0.45703125 0.45546875 0.0296875 0.0453125
2 0.4546875 0.48984375 0.025 0.0328125
2 0.42109375 0.40625 0.025 0.05
2 0.39609375 0.41328125 0.03125 0.0546875
2 0.38671875 0.4515625 0.0203125 0.028125
2 0.30703125 0.4546875 0.0390625 0.053125
2 0.32734375 0.40390625 0.0484375 0.053125
2 0.3734375 0.40390625 0.046875 0.0515625
2 0.2859375 0.42109375 0.025 0.0390625
2 0.2515625 0.4734375 0.034375 0.065625
2 0.25078125 0.521875 0.0296875 0.04375
2 0.225 0.525 0.021875 0.05625
2 0.35859375 0.7609375 0.0453125 0.04375
2 0.33125 0.72421875 0.0375 0.0640625
2 0.30703125 0.7484375 0.0390625 0.053125
2 0.26484375 0.72109375 0.028125 0.0484375