0 0.8296875 0.12109375 0.340625 0.2421875
3 0.4203125 0.3515625 0.465625 0.309375
1 0.2734375 0.40234375 0.034375 0.0234375
1 0.35703125 0.46875 0.034375 0.021875
1 0.384375 0.38046875 0.05 0.0375
1 0.47890625 0.34453125 0.0390625 0.0265625
1 0.44296875 0.271875 0.0453125 0.025
1 0.50390625 0.27734375 0.0328125 0.0234375
1 0.58828125 0.334375 0.0375 0.025
1 0.5515625 0.41640625 0.03125 0.021875
1 0.47265625 0.44921875 0.0359375 0.0234375
1 0.26796875 0.2921875 0.0359375 0.025
2 0.4125 0.48515625 0.059375 0.0296875
2 0.403125 0.4609375 0.04375 0.034375
2 0.4453125 0.46875 0.04375 0.03125
2 0.4875 0.47890625 0.059375 0.028125
2 0.54453125 0.45703125 0.0453125 0.0296875
2 0.51015625 0.4546875 0.0328125 0.025
2 0.59375 0.42109375 0.05 0.025
2 0.58671875 0.39609375 0.0546875 0.03125
2 0.5484375 0.38671875 0.028125 0.0203125
2 0.5453125 0.30703125 0.053125 0.0390625
2 0.59609375 0.32734375 0.053125 0.0484375
2 0.59609375 0.3734375 0.0515625 0.046875
2 0.57890625 0.2859375 0.0390625 0.025
2 0.5265625 0.2515625 0.065625 0.034375
2 0.478125 0.25078125 0.04375 0.0296875
2 0.475 0.225 0.05625 0.021875
2 0.2390625 0.35859375 0.04375 0.0453125
2 0.27578125 0.33125 0.0640625 0.0375
2 0.2515625 0.30703125 0.053125 0.0390625
2 0.27890625 0.26484375 0.0484375 0.028125