3 0.4953125 0.5171875 0.565625 0.859375
1 0.68203125 0.49296875 0.0359375 0.046875
1 0.69453125 0.43359375 0.0296875 0.0390625
1 0.6828125 0.6140625 0.0375 0.05625
1 0.72421875 0.61640625 0.0265625 0.03125
1 0.59296875 0.67890625 0.0515625 0.0578125
1 0.6390625 0.79765625 0.03125 0.0359375
1 0.60234375 0.80703125 0.03125 0.0484375
1 0.50234375 0.771875 0.03125 0.05625
1 0.45859375 0.8203125 0.03125 0.04375
1 0.48046875 0.70703125 0.0171875 0.0453125
1 0.4265625 0.69296875 0.03125 0.053125
1 0.40546875 0.7328125 0.0296875 0.028125
1 0.36171875 0.76796875 0.0265625 0.0515625
1 0.27734375 0.68671875 0.0234375 0.0453125
1 0.4625 0.646875 0.03125 0.025
1 0.5203125 0.65 0.028125 0.046875
1 0.55 0.58515625 0.0375 0.0390625
1 0.54140625 0.53125 0.0359375 0.053125
1 0.70390625 0.32890625 0.025 0.0359375
1 0.60859375 0.37109375 0.0328125 0.046875
1 0.5734375 0.390625 0.021875 0.04375
1 0.57421875 0.171875 0.0265625 0.05
1 0.5109375 0.23125 0.03125 0.059375
1 0.55234375 0.3140625 0.025 0.053125
1 0.50390625 0.39453125 0.0234375 0.0484375
1 0.51171875 0.45546875 0.0234375 0.0421875
1 0.44453125 0.53828125 0.0296875 0.0609375
1 0.2984375 0.571875 0.021875 0.0375
1 0.2734375 0.58515625 0.025 0.0484375
1 0.25703125 0.45546875 0.0203125 0.0515625
1 0.35078125 0.42890625 0.028125 0.0328125
1 0.35859375 0.27734375 0.0328125 0.0484375
1 0.425 0.2484375 0.03125 0.046875
1 0.4109375 0.359375 0.034375 0.0375
1 0.45 0.1578125 0.03125 0.053125
1 0.4515625 0.41015625 0.028125 0.0453125
1 0.41640625 0.55703125 0.0265625 0.0390625
1 0.34375 0.56953125 0.028125 0.0625
1 0.3921875 0.51953125 0.01875 0.0453125
2 0.39375 0.621875 0.08125 0.121875
2 0.36640625 0.434375 0.0921875 0.134375
2 0.45078125 0.2828125 0.0734375 0.1125
2 0.63046875 0.3546875 0.06875 0.128125
2 0.703125 0.47421875 0.09375 0.109375