3 0.5171875 0.5046875 0.859375 0.565625
1 0.49296875 0.31796875 0.046875 0.0359375
1 0.43359375 0.30546875 0.0390625 0.0296875
1 0.6140625 0.3171875 0.05625 0.0375
1 0.61640625 0.27578125 0.03125 0.0265625
1 0.67890625 0.40703125 0.0578125 0.0515625
1 0.79765625 0.3609375 0.0359375 0.03125
1 0.80703125 0.39765625 0.0484375 0.03125
1 0.771875 0.49765625 0.05625 0.03125
1 0.8203125 0.54140625 0.04375 0.03125
1 0.70703125 0.51953125 0.0453125 0.0171875
1 0.69296875 0.5734375 0.053125 0.03125
1 0.7328125 0.59453125 0.028125 0.0296875
1 0.76796875 0.63828125 0.0515625 0.0265625
1 0.68671875 0.72265625 0.0453125 0.0234375
1 0.646875 0.5375 0.025 0.03125
1 0.65 0.4796875 0.046875 0.028125
1 0.58515625 0.45 0.0390625 0.0375
1 0.53125 0.45859375 0.053125 0.0359375
1 0.32890625 0.29609375 0.0359375 0.025
1 0.37109375 0.39140625 0.046875 0.0328125
1 0.390625 0.4265625 0.04375 0.021875
1 0.171875 0.42578125 0.05 0.0265625
1 0.23125 0.4890625 0.059375 0.03125
1 0.3140625 0.44765625 0.053125 0.025
1 0.39453125 0.49609375 0.0484375 0.0234375
1 0.45546875 0.48828125 0.0421875 0.0234375
1 0.53828125 0.55546875 0.0609375 0.0296875
1 0.571875 0.7015625 0.0375 0.021875
1 0.58515625 0.7265625 0.0484375 0.025
1 0.45546875 0.74296875 0.0515625 0.0203125
1 0.42890625 0.64921875 0.0328125 0.028125
1 0.27734375 0.64140625 0.0484375 0.0328125
1 0.2484375 0.575 0.046875 0.03125
1 0.359375 0.5890625 0.0375 0.034375
1 0.1578125 0.55 0.053125 0.03125
1 0.41015625 0.5484375 0.0453125 0.028125
1 0.55703125 0.58359375 0.0390625 0.0265625
1 0.56953125 0.65625 0.0625 0.028125
1 0.51953125 0.6078125 0.0453125 0.01875
2 0.621875 0.60625 0.121875 0.08125
2 0.434375 0.63359375 0.134375 0.0921875
2 0.2828125 0.54921875 0.1125 0.0734375
2 0.3546875 0.36953125 0.128125 0.06875
2 0.47421875 0.296875 0.109375 0.09375