3 0.5046875 0.4828125 0.56484375 0.86015625
1 0.31796875 0.50703125 0.0359375 0.046875
1 0.30546875 0.56640625 0.0296875 0.03984375
1 0.3171875 0.3859375 0.0375 0.05703125
1 0.27578125 0.38359375 0.02578125 0.03125
1 0.40703125 0.32109375 0.0515625 0.0578125
1 0.3609375 0.20234375 0.03046875 0.03671875
1 0.39765625 0.19296875 0.03125 0.04765625
1 0.49765625 0.228125 0.03125 0.05703125
1 0.54140625 0.1796875 0.03125 0.04296875
1 0.51953125 0.29296875 0.0171875 0.0453125
1 0.5734375 0.30703125 0.03046875 0.053125
1 0.59453125 0.2671875 0.03046875 0.028125
1 0.63828125 0.23203125 0.02734375 0.0515625
1 0.72265625 0.31328125 0.0234375 0.0453125
1 0.5375 0.353125 0.0296875 0.02421875
1 0.4796875 0.35 0.02734375 0.04609375
1 0.45 0.41484375 0.03671875 0.03828125
1 0.45859375 0.46875 0.03515625 0.05390625
1 0.29609375 0.67109375 0.025 0.03671875
1 0.39140625 0.62890625 0.03359375 0.046875
1 0.4265625 0.609375 0.0234375 0.0421875
1 0.42578125 0.828125 0.02734375 0.05
1 0.4890625 0.76875 0.03125 0.05859375
1 0.44765625 0.6859375 0.025 0.05390625
1 0.49609375 0.60546875 0.02265625 0.04765625
1 0.48828125 0.54453125 0.0234375 0.04296875
1 0.55546875 0.46171875 0.02890625 0.06015625
1 0.7015625 0.428125 0.0234375 0.03671875
1 0.7265625 0.41484375 0.025 0.0484375
1 0.74296875 0.54453125 0.02109375 0.05078125
1 0.64921875 0.57109375 0.028125 0.03359375
1 0.64140625 0.72265625 0.0328125 0.04921875
1 0.575 0.7515625 0.0296875 0.0453125
1 0.5890625 0.640625 0.0328125 0.03671875
1 0.55 0.8421875 0.03203125 0.0546875
1 0.5484375 0.58984375 0.02734375 0.0453125
1 0.58359375 0.44296875 0.0265625 0.03984375
1 0.65625 0.43046875 0.02890625 0.0625
1 0.6078125 0.48046875 0.01875 0.04609375
2 0.60625 0.378125 0.08046875 0.12265625
2 0.63359375 0.565625 0.09296875 0.134375
2 0.54921875 0.7171875 0.07421875 0.11328125
2 0.36953125 0.6453125 0.06875 0.12890625
2 0.296875 0.52578125 0.0953125 0.109375