3 0.52109375 0.83125 0.8890625 0.3375
2 0.8015625 0.94609375 0.153125 0.0984375
2 0.7390625 0.81015625 0.140625 0.0953125
2 0.46953125 0.77265625 0.1421875 0.0953125
2 0.51328125 0.9359375 0.1515625 0.10625
2 0.2859375 0.9 0.15 0.096875
0 0.3828125 0.965625 0.09375 0.040625
0 0.18984375 0.91796875 0.0578125 0.0640625
0 0.37421875 0.803125 0.0578125 0.05625
0 0.571875 0.8546875 0.09375 0.040625
0 0.6859375 0.88671875 0.05625 0.059375
0 0.66328125 0.74921875 0.0578125 0.0359375
0 0.65703125 0.97421875 0.0484375 0.0515625
0 0.80546875 0.890625 0.0515625 0.025