3 0.83125 0.47890625 0.3375 0.8890625
2 0.94609375 0.1984375 0.0984375 0.153125
2 0.81015625 0.2609375 0.0953125 0.140625
2 0.77265625 0.53046875 0.0953125 0.1421875
2 0.9359375 0.48671875 0.10625 0.1515625
2 0.9 0.7140625 0.096875 0.15
0 0.965625 0.6171875 0.040625 0.09375
0 0.91796875 0.81015625 0.0640625 0.0578125
0 0.803125 0.62578125 0.05625 0.0578125
0 0.8546875 0.428125 0.040625 0.09375
0 0.88671875 0.3140625 0.059375 0.05625
0 0.74921875 0.33671875 0.0359375 0.0578125
0 0.97421875 0.34296875 0.0515625 0.0484375
0 0.890625 0.19453125 0.025 0.0515625