3 0.16875 0.52109375 0.3375 0.8890625
2 0.05390625 0.8015625 0.0984375 0.1546875
2 0.18984375 0.7390625 0.09453125 0.13984375
2 0.22734375 0.46953125 0.09609375 0.1421875
2 0.0640625 0.51328125 0.10703125 0.1515625
2 0.1 0.2859375 0.09765625 0.15078125
0 0.034375 0.3828125 0.03984375 0.09375
0 0.08203125 0.18984375 0.0640625 0.05859375
0 0.196875 0.37421875 0.05625 0.05859375
0 0.1453125 0.571875 0.03984375 0.09296875
0 0.11328125 0.6859375 0.059375 0.05703125
0 0.25078125 0.66328125 0.03671875 0.0578125
0 0.02578125 0.65703125 0.05078125 0.04921875
0 0.109375 0.80546875 0.02421875 0.05078125