3 0.46328125 0.7234375 0.24375 0.45
3 0.68984375 0.4328125 0.6203125 0.865625
2 0.74453125 0.66015625 0.1515625 0.1953125
2 0.39765625 0.78828125 0.0859375 0.1421875
2 0.6234375 0.38203125 0.15 0.1703125
2 0.79375 0.39921875 0.18125 0.2171875
2 0.70546875 0.15546875 0.15625 0.1859375
2 0.57890625 0.11953125 0.0921875 0.1671875
2 0.471875 0.234375 0.06875 0.153125
2 0.41875 0.409375 0.075 0.1
2 0.50859375 0.42734375 0.0828125 0.1578125
0 0.6640625 0.6390625 0.05 0.128125
0 0.65703125 0.38203125 0.1453125 0.2609375
0 0.775 0.25546875 0.09375 0.1734375
0 0.603125 0.1375 0.153125 0.178125
0 0.4765625 0.17890625 0.1 0.065625
0 0.44921875 0.31015625 0.1078125 0.078125
0 0.6078125 0.2296875 0.034375 0.090625
0 0.35703125 0.81328125 0.0390625 0.0671875