3 0.2765625 0.46328125 0.45 0.24375
3 0.5671875 0.68984375 0.865625 0.6203125
2 0.33984375 0.74453125 0.1953125 0.1515625
2 0.21171875 0.39765625 0.1421875 0.0859375
2 0.61796875 0.6234375 0.1703125 0.15
2 0.60078125 0.79375 0.2171875 0.18125
2 0.84453125 0.70546875 0.1859375 0.15625
2 0.88046875 0.57890625 0.1671875 0.0921875
2 0.765625 0.471875 0.153125 0.06875
2 0.590625 0.41875 0.1 0.075
2 0.57265625 0.50859375 0.1578125 0.0828125
0 0.3609375 0.6640625 0.128125 0.05
0 0.61796875 0.65703125 0.2609375 0.1453125
0 0.74453125 0.775 0.1734375 0.09375
0 0.8625 0.603125 0.178125 0.153125
0 0.82109375 0.4765625 0.065625 0.1
0 0.68984375 0.44921875 0.078125 0.1078125
0 0.7703125 0.6078125 0.090625 0.034375
0 0.18671875 0.35703125 0.0671875 0.0390625