3 0.53046875 0.5515625 0.9390625 0.35625
1 0.39375 0.6484375 0.0765625 0.0390625
1 0.25859375 0.46328125 0.06015625 0.03046875
1 0.4453125 0.39765625 0.065625 0.0359375
1 0.52421875 0.5265625 0.05859375 0.02890625
1 0.8328125 0.5828125 0.078125 0.04140625
1 0.7515625 0.46796875 0.06015625 0.0328125
0 0.80625 0.5265625 0.25390625 0.06171875
0 0.575 0.44453125 0.17578125 0.12890625
0 0.5125 0.63359375 0.134375 0.1109375
0 0.25859375 0.528125 0.28828125 0.05625
2 0.334375 0.59140625 0.21953125 0.08671875
2 0.678125 0.5921875 0.2125 0.071875
2 0.43984375 0.4953125 0.1 0.075