3 0.4484375 0.53046875 0.35625 0.9390625
1 0.3515625 0.39375 0.040625 0.075
1 0.53671875 0.25859375 0.0296875 0.0609375
1 0.60234375 0.4453125 0.0359375 0.065625
1 0.4734375 0.52421875 0.028125 0.0578125
1 0.4171875 0.8328125 0.040625 0.078125
1 0.53203125 0.7515625 0.0328125 0.059375
0 0.4734375 0.80625 0.0625 0.253125
0 0.55546875 0.575 0.1296875 0.175
0 0.36640625 0.5125 0.1109375 0.134375
0 0.471875 0.25859375 0.05625 0.2890625
2 0.40859375 0.334375 0.0859375 0.21875
2 0.4078125 0.678125 0.071875 0.2125
2 0.5046875 0.43984375 0.075 0.1