3 0.5515625 0.46953125 0.35625 0.9390625
1 0.6484375 0.60625 0.040625 0.075
1 0.46328125 0.74140625 0.0296875 0.0609375
1 0.39765625 0.5546875 0.0359375 0.065625
1 0.5265625 0.47578125 0.028125 0.0578125
1 0.5828125 0.1671875 0.040625 0.078125
1 0.46796875 0.2484375 0.0328125 0.059375
0 0.5265625 0.19375 0.0625 0.253125
0 0.44453125 0.425 0.1296875 0.175
0 0.63359375 0.4875 0.1109375 0.134375
0 0.528125 0.74140625 0.05625 0.2890625
2 0.59140625 0.665625 0.0859375 0.21875
2 0.5921875 0.321875 0.071875 0.2125
2 0.4953125 0.56015625 0.075 0.1