2 0.42421875 0.153125 0.0765625 0.1328125
2 0.24921875 0.2046875 0.09921875 0.04140625
2 0.14765625 0.3390625 0.109375 0.10078125
2 0.08984375 0.5140625 0.13046875 0.06328125
2 0.265625 0.42421875 0.11640625 0.09296875
2 0.41484375 0.4109375 0.1203125 0.1015625
2 0.56640625 0.27109375 0.0609375 0.0890625
2 0.6125 0.196875 0.0546875 0.09296875
2 0.725 0.25546875 0.1140625 0.084375
2 0.84921875 0.33046875 0.11015625 0.08359375
2 0.6703125 0.3671875 0.096875 0.0609375
2 0.56953125 0.3671875 0.103125 0.08828125
2 0.48046875 0.47109375 0.06953125 0.11171875
2 0.31953125 0.58125 0.10859375 0.08515625
2 0.15625 0.671875 0.13359375 0.1140625
2 0.359375 0.775 0.08671875 0.13671875
2 0.50859375 0.696875 0.134375 0.12734375
2 0.628125 0.5921875 0.10625 0.0875
2 0.59140625 0.4609375 0.09921875 0.10703125
2 0.734375 0.45546875 0.11640625 0.0984375
2 0.8859375 0.4578125 0.12421875 0.08671875
2 0.86875 0.64375 0.1328125 0.12265625
2 0.56796875 0.84921875 0.1390625 0.11875
2 0.73046875 0.75703125 0.1359375 0.1265625
3 0.5 0.53359375 1 0.9328125