2 0.846875 0.42421875 0.13125 0.0765625
2 0.7953125 0.24921875 0.040625 0.0984375
2 0.6609375 0.14765625 0.1 0.109375
2 0.4859375 0.08984375 0.0625 0.1296875
2 0.57578125 0.265625 0.0921875 0.115625
2 0.5890625 0.41484375 0.103125 0.1203125
2 0.72890625 0.56640625 0.0890625 0.0609375
2 0.803125 0.6125 0.09375 0.05625
2 0.74453125 0.725 0.084375 0.1125
2 0.66953125 0.84921875 0.0828125 0.1109375
2 0.6328125 0.6703125 0.059375 0.096875
2 0.6328125 0.56953125 0.0875 0.103125
2 0.52890625 0.48046875 0.1109375 0.0703125
2 0.41875 0.31953125 0.084375 0.1078125
2 0.328125 0.15625 0.1125 0.134375
2 0.225 0.359375 0.1375 0.0875
2 0.303125 0.50859375 0.128125 0.134375
2 0.4078125 0.628125 0.0875 0.10625
2 0.5390625 0.59140625 0.10625 0.0984375
2 0.54453125 0.734375 0.0984375 0.115625
2 0.5421875 0.8859375 0.0875 0.125
2 0.35625 0.86875 0.121875 0.13125
2 0.15078125 0.56796875 0.11875 0.1390625
2 0.24296875 0.73046875 0.1265625 0.1359375
3 0.46640625 0.5 0.9328125 1