2 0.36328125 0.14140625 0.078125 0.09453125
2 0.41484375 0.1 0.0671875 0.08828125
2 0.4171875 0.26171875 0.0734375 0.16796875
2 0.47265625 0.29375 0.04609375 0.08828125
2 0.50390625 0.234375 0.06171875 0.08125
2 0.4671875 0.184375 0.06484375 0.08515625
2 0.4984375 0.10390625 0.0640625 0.0828125
2 0.56171875 0.14296875 0.0640625 0.0875
2 0.56796875 0.21640625 0.05390625 0.05859375
2 0.5140625 0.34921875 0.059375 0.08984375
2 0.56328125 0.290625 0.07265625 0.09609375
2 0.63984375 0.1765625 0.06796875 0.0953125
2 0.62734375 0.27578125 0.0625 0.10703125
2 0.63203125 0.36640625 0.07890625 0.08515625
2 0.69140625 0.21796875 0.06171875 0.09921875
2 0.71953125 0.309375 0.13515625 0.10078125
2 0.6859375 0.41953125 0.08828125 0.090625
2 0.775 0.4234375 0.08828125 0.1046875
2 0.56171875 0.4609375 0.08828125 0.08515625
2 0.63046875 0.54609375 0.08671875 0.1078125
2 0.7265625 0.640625 0.09140625 0.11796875
2 0.7609375 0.56875 0.08828125 0.11484375
3 0.48359375 0.51953125 0.728125 0.9609375