2 0.63671875 0.85859375 0.078125 0.0953125
2 0.58515625 0.9 0.0671875 0.0875
2 0.5828125 0.73828125 0.071875 0.1671875
2 0.52734375 0.70625 0.0453125 0.0875
2 0.49609375 0.765625 0.0609375 0.08125
2 0.5328125 0.815625 0.065625 0.084375
2 0.5015625 0.89609375 0.065625 0.0828125
2 0.43828125 0.85703125 0.0640625 0.0875
2 0.43203125 0.78359375 0.0546875 0.0578125
2 0.4859375 0.65078125 0.059375 0.0890625
2 0.43671875 0.709375 0.0734375 0.096875
2 0.36015625 0.8234375 0.0671875 0.096875
2 0.37265625 0.72421875 0.0625 0.1078125
2 0.36796875 0.63359375 0.0796875 0.0859375
2 0.30859375 0.78203125 0.0609375 0.0984375
2 0.28046875 0.690625 0.1359375 0.1
2 0.3140625 0.58046875 0.0875 0.090625
2 0.225 0.5765625 0.0875 0.103125
2 0.43828125 0.5390625 0.0890625 0.084375
2 0.36953125 0.45390625 0.0859375 0.1078125
2 0.2734375 0.359375 0.090625 0.11875
2 0.2390625 0.43125 0.0875 0.115625
3 0.51640625 0.48046875 0.728125 0.9609375