0 0.40859375 0.63828125 0.203125 0.08828125
0 0.12421875 0.43046875 0.09296875 0.11953125
0 0.228125 0.29296875 0.09921875 0.05
0 0.3265625 0.3734375 0.08984375 0.0390625
0 0.3875 0.19921875 0.1140625 0.05078125
0 0.73671875 0.2484375 0.1328125 0.07890625
0 0.9875 0.2390625 0.025 0.06015625
0 0.97265625 0.35859375 0.05390625 0.04921875
0 0.571875 0.525 0.2078125 0.075
0 0.6359375 0.4015625 0.165625 0.10703125
0 0.46328125 0.3859375 0.05 0.0453125
0 0.59765625 0.31328125 0.0359375 0.046875
3 0.5 0.5390625 1 0.875