3 0.49921875 0.5 0.990625 0.99921875
2 0.0859375 0.6734375 0.12890625 0.15234375
2 0.0921875 0.52109375 0.128125 0.1265625
2 0.0765625 0.3234375 0.11953125 0.11640625
2 0.27109375 0.22578125 0.115625 0.125
2 0.23984375 0.31796875 0.10234375 0.09609375
2 0.14609375 0.21015625 0.071875 0.046875
2 0.11875 0.89765625 0.13125 0.1734375
2 0.2546875 0.91484375 0.134375 0.1703125
2 0.571875 0.8578125 0.13828125 0.1796875
2 0.7671875 0.86015625 0.14375 0.17421875
2 0.5421875 0.73125 0.103125 0.13515625
2 0.87109375 0.77578125 0.1359375 0.1609375
2 0.90625 0.61640625 0.12109375 0.14921875
2 0.828125 0.51328125 0.1 0.05
2 0.55 0.53046875 0.05 0.12890625
2 0.58125 0.4640625 0.096875 0.0375
2 0.3578125 0.940625 0.059375 0.11875
2 0.4046875 0.8046875 0.0421875 0.1359375
2 0.346875 0.54140625 0.11796875 0.09375
2 0.1765625 0.4015625 0.09921875 0.10546875
2 0.33671875 0.41875 0.11328125 0.059375
2 0.17890625 0.7625 0.075 0.08984375
2 0.2453125 0.6765625 0.0578125 0.0796875
2 0.3625 0.6453125 0.1125 0.0609375
2 0.4515625 0.25 0.0828125 0.12890625
2 0.93203125 0.39296875 0.0890625 0.08203125
2 0.834375 0.353125 0.10625 0.0625
2 0.87109375 0.26640625 0.10390625 0.11328125
2 0.89921875 0.475 0.12421875 0.13359375
2 0.3125 0.096875 0.0921875 0.09921875
2 0.36796875 0.1671875 0.09296875 0.11484375
2 0.3671875 0.04140625 0.1125 0.0828125
2 0.478125 0.03828125 0.103125 0.0765625
2 0.6609375 0.0703125 0.08828125 0.10078125
2 0.7515625 0.1125 0.1 0.096875
2 0.571875 0.0671875 0.05546875 0.08515625
2 0.5984375 0.1453125 0.0859375 0.090625
2 0.51640625 0.25234375 0.028125 0.08046875
2 0.71875 0.203125 0.1015625 0.11328125
2 0.8203125 0.17265625 0.05859375 0.0375
2 0.55546875 0.35859375 0.06640625 0.140625
2 0.590625 0.2421875 0.04140625 0.07890625
2 0.80390625 0.65546875 0.02578125 0.065625
2 0.6375 0.75234375 0.0484375 0.09765625
2 0.80625 0.20546875 0.02265625 0.0671875
2 0.48671875 0.59296875 0.05546875 0.140625