3 0.49921875 0.5 0.990625 1
2 0.0859375 0.6734375 0.128125 0.153125
2 0.0921875 0.52109375 0.128125 0.1265625
2 0.0765625 0.3234375 0.11875 0.115625
2 0.27109375 0.22578125 0.115625 0.125
2 0.23984375 0.31796875 0.1015625 0.0953125
2 0.14609375 0.21015625 0.071875 0.046875
2 0.11875 0.89765625 0.13125 0.1734375
2 0.2546875 0.91484375 0.134375 0.1703125
2 0.571875 0.8578125 0.1375 0.178125
2 0.7671875 0.86015625 0.14375 0.1734375
2 0.5421875 0.73125 0.103125 0.134375
2 0.87109375 0.77578125 0.1359375 0.1609375
2 0.90625 0.61640625 0.121875 0.1484375
2 0.828125 0.51328125 0.1 0.05
2 0.55 0.53046875 0.05 0.1296875
2 0.58125 0.4640625 0.096875 0.0375
2 0.3578125 0.940625 0.059375 0.11875
2 0.4046875 0.8046875 0.040625 0.134375
2 0.346875 0.54140625 0.11875 0.09375
2 0.1765625 0.4015625 0.1 0.10625
2 0.33671875 0.41875 0.1140625 0.059375
2 0.17890625 0.7625 0.075 0.090625
2 0.2453125 0.6765625 0.059375 0.078125
2 0.3625 0.6453125 0.1125 0.059375
2 0.4515625 0.25 0.084375 0.128125
2 0.93203125 0.39296875 0.0890625 0.0828125
2 0.834375 0.353125 0.10625 0.0625
2 0.87109375 0.26640625 0.1046875 0.1140625
2 0.89921875 0.475 0.1234375 0.134375
2 0.3125 0.096875 0.09375 0.1
2 0.36796875 0.1671875 0.0921875 0.115625
2 0.3671875 0.04140625 0.1125 0.0828125
2 0.478125 0.03828125 0.103125 0.0765625
2 0.6609375 0.0703125 0.0875 0.1
2 0.7515625 0.1125 0.1 0.096875
2 0.571875 0.0671875 0.05625 0.084375
2 0.5984375 0.1453125 0.084375 0.090625
2 0.51640625 0.25234375 0.028125 0.0796875
2 0.71875 0.203125 0.1 0.1125
2 0.8203125 0.17265625 0.059375 0.0375
2 0.55546875 0.35859375 0.0671875 0.140625
2 0.590625 0.2421875 0.040625 0.078125
2 0.80390625 0.65546875 0.0265625 0.065625
2 0.6375 0.75234375 0.05 0.0984375
2 0.80625 0.20546875 0.021875 0.0671875
2 0.48671875 0.59296875 0.0546875 0.140625