3 0.5 0.50078125 1 0.990625
2 0.6734375 0.9140625 0.153125 0.128125
2 0.52109375 0.9078125 0.1265625 0.128125
2 0.3234375 0.9234375 0.115625 0.11875
2 0.22578125 0.72890625 0.125 0.115625
2 0.31796875 0.76015625 0.0953125 0.1015625
2 0.21015625 0.85390625 0.046875 0.071875
2 0.89765625 0.88125 0.1734375 0.13125
2 0.91484375 0.7453125 0.1703125 0.134375
2 0.8578125 0.428125 0.178125 0.1375
2 0.86015625 0.2328125 0.1734375 0.14375
2 0.73125 0.4578125 0.134375 0.103125
2 0.77578125 0.12890625 0.1609375 0.1359375
2 0.61640625 0.09375 0.1484375 0.121875
2 0.51328125 0.171875 0.05 0.1
2 0.53046875 0.45 0.1296875 0.05
2 0.4640625 0.41875 0.0375 0.096875
2 0.940625 0.6421875 0.11875 0.059375
2 0.8046875 0.5953125 0.134375 0.040625
2 0.54140625 0.653125 0.09375 0.11875
2 0.4015625 0.8234375 0.10625 0.1
2 0.41875 0.66328125 0.059375 0.1140625
2 0.7625 0.82109375 0.090625 0.075
2 0.6765625 0.7546875 0.078125 0.059375
2 0.6453125 0.6375 0.059375 0.1125
2 0.25 0.5484375 0.128125 0.084375
2 0.39296875 0.06796875 0.0828125 0.0890625
2 0.353125 0.165625 0.0625 0.10625
2 0.26640625 0.12890625 0.1140625 0.1046875
2 0.475 0.10078125 0.134375 0.1234375
2 0.096875 0.6875 0.1 0.09375
2 0.1671875 0.63203125 0.115625 0.0921875
2 0.04140625 0.6328125 0.0828125 0.1125
2 0.03828125 0.521875 0.0765625 0.103125
2 0.0703125 0.3390625 0.1 0.0875
2 0.1125 0.2484375 0.096875 0.1
2 0.0671875 0.428125 0.084375 0.05625
2 0.1453125 0.4015625 0.090625 0.084375
2 0.25234375 0.48359375 0.0796875 0.028125
2 0.203125 0.28125 0.1125 0.1
2 0.17265625 0.1796875 0.0375 0.059375
2 0.35859375 0.44453125 0.140625 0.0671875
2 0.2421875 0.409375 0.078125 0.040625
2 0.65546875 0.19609375 0.065625 0.0265625
2 0.75234375 0.3625 0.0984375 0.05
2 0.20546875 0.19375 0.0671875 0.021875
2 0.59296875 0.51328125 0.140625 0.0546875