3 0.5 0.48828125 0.99921875 0.9765625
2 0.090625 0.46875 0.1734375 0.159375
2 0.2546875 0.4078125 0.20546875 0.16640625
2 0.17890625 0.21796875 0.1828125 0.1328125
2 0.2578125 0.26484375 0.1875 0.1328125
2 0.396875 0.1015625 0.1609375 0.1171875
2 0.43046875 0.1984375 0.15 0.12421875
2 0.384375 0.55625 0.21953125 0.16953125
2 0.31171875 0.7046875 0.19453125 0.1890625
2 0.63828125 0.56953125 0.21171875 0.1828125
2 0.7109375 0.71796875 0.23984375 0.2046875
2 0.590625 0.36953125 0.0609375 0.053125
2 0.63046875 0.33828125 0.08203125 0.0546875
2 0.8046875 0.42734375 0.20390625 0.1625
2 0.93203125 0.459375 0.1359375 0.18125
2 0.59140625 0.171875 0.146875 0.15546875
2 0.6484375 0.13125 0.1765625 0.11484375
2 0.75625 0.2515625 0.16640625 0.14140625
2 0.8875 0.234375 0.1828125 0.1390625