3 0.51171875 0.5 0.9765625 1
2 0.53125 0.090625 0.159375 0.175
2 0.5921875 0.2546875 0.165625 0.20625
2 0.78203125 0.17890625 0.1328125 0.1828125
2 0.73515625 0.2578125 0.1328125 0.1875
2 0.8984375 0.396875 0.115625 0.1625
2 0.8015625 0.43046875 0.125 0.15
2 0.44375 0.384375 0.16875 0.21875
2 0.2953125 0.31171875 0.190625 0.1953125
2 0.43046875 0.63828125 0.1828125 0.2109375
2 0.28203125 0.7109375 0.2046875 0.240625
2 0.63046875 0.590625 0.053125 0.0625
2 0.66171875 0.63046875 0.0546875 0.0828125
2 0.57265625 0.8046875 0.1625 0.203125
2 0.540625 0.93203125 0.18125 0.1359375
2 0.828125 0.59140625 0.15625 0.146875
2 0.86875 0.6484375 0.115625 0.178125
2 0.7484375 0.75625 0.140625 0.165625
2 0.765625 0.8875 0.1375 0.18125