3 0.48828125 0.5 0.9765625 1
2 0.46875 0.909375 0.159375 0.175
2 0.4078125 0.7453125 0.165625 0.20625
2 0.21796875 0.82109375 0.1328125 0.1828125
2 0.26484375 0.7421875 0.1328125 0.1875
2 0.1015625 0.603125 0.115625 0.1625
2 0.1984375 0.56953125 0.125 0.15
2 0.55625 0.615625 0.16875 0.21875
2 0.7046875 0.68828125 0.190625 0.1953125
2 0.56953125 0.36171875 0.1828125 0.2109375
2 0.71796875 0.2890625 0.2046875 0.240625
2 0.36953125 0.409375 0.053125 0.0625
2 0.33828125 0.36953125 0.0546875 0.0828125
2 0.42734375 0.1953125 0.1625 0.203125
2 0.459375 0.06796875 0.18125 0.1359375
2 0.171875 0.40859375 0.15625 0.146875
2 0.13125 0.3515625 0.115625 0.178125
2 0.2515625 0.24375 0.140625 0.165625
2 0.234375 0.1125 0.1375 0.18125