2 0.86953125 0.78984375 0.175 0.134375
2 0.66328125 0.8296875 0.146875 0.115625
2 0.45 0.81328125 0.153125 0.0953125
2 0.28359375 0.85625 0.1109375 0.1125
2 0.05078125 0.71015625 0.1015625 0.1125
2 0.2359375 0.73828125 0.146875 0.0953125
2 0.39765625 0.671875 0.0703125 0.1125
2 0.6359375 0.66640625 0.159375 0.1234375
2 0.35390625 0.55859375 0.1609375 0.10625
2 0.17421875 0.5875 0.1640625 0.121875
2 0.02734375 0.5265625 0.0546875 0.10625
2 0.88671875 0.53828125 0.2109375 0.1515625
2 0.6046875 0.490625 0.178125 0.11875
2 0.26875 0.409375 0.18125 0.14375
2 0.05234375 0.34140625 0.1046875 0.1484375
2 0.28046875 0.22421875 0.2203125 0.1515625
2 0.56015625 0.33359375 0.2078125 0.1609375
3 0.49921875 0.5015625 0.9984375 0.953125