2 0.13046875 0.21015625 0.175 0.134375
2 0.33671875 0.1703125 0.146875 0.115625
2 0.55 0.18671875 0.153125 0.0953125
2 0.71640625 0.14375 0.1109375 0.1125
2 0.94921875 0.28984375 0.1015625 0.1125
2 0.7640625 0.26171875 0.146875 0.0953125
2 0.60234375 0.328125 0.0703125 0.1125
2 0.3640625 0.33359375 0.159375 0.1234375
2 0.64609375 0.44140625 0.1609375 0.10625
2 0.82578125 0.4125 0.1640625 0.121875
2 0.97265625 0.4734375 0.0546875 0.10625
2 0.11328125 0.46171875 0.2109375 0.1515625
2 0.3953125 0.509375 0.178125 0.11875
2 0.73125 0.590625 0.18125 0.14375
2 0.94765625 0.65859375 0.1046875 0.1484375
2 0.71953125 0.77578125 0.2203125 0.1515625
2 0.43984375 0.66640625 0.2078125 0.1609375
3 0.50078125 0.4984375 0.9984375 0.953125