3 0.5 0.63515625 1 0.7296875
0 0.25703125 0.7828125 0.0046875 0.009375
0 0.2890625 0.80234375 0.021875 0.0171875
0 0.28671875 0.73203125 0.0109375 0.0140625
0 0.42109375 0.80234375 0.0515625 0.0671875
0 0.49765625 0.70078125 0.0296875 0.0359375
0 0.50625 0.7359375 0.065625 0.028125
0 0.43125 0.66640625 0.025 0.0234375
0 0.5140625 0.6546875 0.015625 0.015625
0 0.63984375 0.84375 0.0359375 0.03125
0 0.72109375 0.81328125 0.04375 0.0671875
0 0.70234375 0.7515625 0.0375 0.028125
0 0.79375 0.7171875 0.021875 0.01875
0 0.659375 0.63671875 0.034375 0.0265625
0 0.41328125 0.6296875 0.0171875 0.021875
0 0.50703125 0.60625 0.021875 0.021875
0 0.51484375 0.5296875 0.0296875 0.046875
0 0.3609375 0.52421875 0.1375 0.065625
0 0.4859375 0.46171875 0.0375 0.0328125
0 0.35 0.45859375 0.01875 0.0203125
0 0.36796875 0.3796875 0.0203125 0.01875
0 0.41640625 0.4125 0.0203125 0.025
0 0.48984375 0.40390625 0.0359375 0.0359375
0 0.4375 0.3515625 0.0125 0.015625
0 0.53125 0.45390625 0.01875 0.0296875
0 0.54765625 0.41796875 0.025 0.040625
0 0.58046875 0.3671875 0.0109375 0.01875
0 0.6078125 0.4078125 0.015625 0.015625
0 0.59375 0.43984375 0.00625 0.0140625
0 0.6171875 0.45859375 0.009375 0.0171875
0 0.5078125 0.49453125 0.05 0.0296875
0 0.55625 0.49296875 0.059375 0.0453125
0 0.67265625 0.48359375 0.0359375 0.0390625
0 0.65859375 0.41875 0.0109375 0.00625
0 0.68046875 0.43671875 0.0328125 0.0265625
0 0.753125 0.43671875 0.040625 0.0359375
0 0.79765625 0.4375 0.0265625 0.01875
0 0.75234375 0.4984375 0.0265625 0.0125
0 0.96015625 0.72109375 0.0046875 0.0140625
0 0.65625 0.3671875 0.01875 0.015625
2 0.090625 0.48515625 0.078125 0.0390625
2 0.1546875 0.440625 0.053125 0.05
2 0.87890625 0.5640625 0.0828125 0.05
2 0.81171875 0.5296875 0.06875 0.046875
2 0.85859375 0.496875 0.0609375 0.053125
2 0.5984375 0.75078125 0.096875 0.0515625
2 0.64375 0.70625 0.08125 0.06875
2 0.41015625 0.465625 0.0640625 0.053125
2 0.44453125 0.421875 0.0515625 0.040625
2 0.27578125 0.41875 0.0421875 0.046875
2 0.06484375 0.6734375 0.109375 0.071875
2 0.078125 0.62265625 0.08125 0.0375