3 0.63515625 0.5 0.7296875 1
0 0.7828125 0.74296875 0.009375 0.0046875
0 0.80234375 0.7109375 0.0171875 0.021875
0 0.73203125 0.71328125 0.0140625 0.0109375
0 0.80234375 0.57890625 0.0671875 0.0515625
0 0.70078125 0.50234375 0.0359375 0.0296875
0 0.7359375 0.49375 0.028125 0.065625
0 0.66640625 0.56875 0.0234375 0.025
0 0.6546875 0.4859375 0.015625 0.015625
0 0.84375 0.36015625 0.03125 0.0359375
0 0.81328125 0.27890625 0.0671875 0.04375
0 0.7515625 0.29765625 0.028125 0.0375
0 0.7171875 0.20625 0.01875 0.021875
0 0.63671875 0.340625 0.0265625 0.034375
0 0.6296875 0.58671875 0.021875 0.0171875
0 0.60625 0.49296875 0.021875 0.021875
0 0.5296875 0.48515625 0.046875 0.0296875
0 0.52421875 0.6390625 0.065625 0.1375
0 0.46171875 0.5140625 0.0328125 0.0375
0 0.45859375 0.65 0.0203125 0.01875
0 0.3796875 0.63203125 0.01875 0.0203125
0 0.4125 0.58359375 0.025 0.0203125
0 0.40390625 0.51015625 0.0359375 0.0359375
0 0.3515625 0.5625 0.015625 0.0125
0 0.45390625 0.46875 0.0296875 0.01875
0 0.41796875 0.45234375 0.040625 0.025
0 0.3671875 0.41953125 0.01875 0.0109375
0 0.4078125 0.3921875 0.015625 0.015625
0 0.43984375 0.40625 0.0140625 0.00625
0 0.45859375 0.3828125 0.0171875 0.009375
0 0.49453125 0.4921875 0.0296875 0.05
0 0.49296875 0.44375 0.0453125 0.059375
0 0.48359375 0.32734375 0.0390625 0.0359375
0 0.41875 0.34140625 0.00625 0.0109375
0 0.43671875 0.31953125 0.0265625 0.0328125
0 0.43671875 0.246875 0.0359375 0.040625
0 0.4375 0.20234375 0.01875 0.0265625
0 0.4984375 0.24765625 0.0125 0.0265625
0 0.72109375 0.03984375 0.0140625 0.0046875
0 0.3671875 0.34375 0.015625 0.01875
2 0.48515625 0.909375 0.0390625 0.078125
2 0.440625 0.8453125 0.05 0.053125
2 0.5640625 0.12109375 0.05 0.0828125
2 0.5296875 0.18828125 0.046875 0.06875
2 0.496875 0.14140625 0.053125 0.0609375
2 0.75078125 0.4015625 0.0515625 0.096875
2 0.70625 0.35625 0.06875 0.08125
2 0.465625 0.58984375 0.053125 0.0640625
2 0.421875 0.55546875 0.040625 0.0515625
2 0.41875 0.72421875 0.046875 0.0421875
2 0.6734375 0.93515625 0.071875 0.109375
2 0.62265625 0.921875 0.0375 0.08125