2 0.64609375 0.8890625 0.2796875 0.221875
2 0.35 0.73828125 0.14375 0.1953125
2 0.25390625 0.57734375 0.1140625 0.1578125
2 0.5359375 0.38125 0.190625 0.209375
2 0.6640625 0.20703125 0.134375 0.1765625
2 0.18984375 0.4359375 0.1109375 0.14375
2 0.1140625 0.325 0.128125 0.1375
2 0.04609375 0.228125 0.0921875 0.1375
2 0.15078125 0.140625 0.1125 0.14375
2 0.26640625 0.221875 0.1234375 0.1625
2 0.33984375 0.0453125 0.1359375 0.090625
2 0.48671875 0.215625 0.1078125 0.19375
3 0.44765625 0.5 0.8953125 1