2 0.1109375 0.64609375 0.221875 0.2796875
2 0.26171875 0.35 0.1953125 0.14375
2 0.42265625 0.25390625 0.1578125 0.1140625
2 0.61875 0.5359375 0.209375 0.190625
2 0.79296875 0.6640625 0.1765625 0.134375
2 0.5640625 0.18984375 0.14375 0.1109375
2 0.675 0.1140625 0.1375 0.128125
2 0.771875 0.04609375 0.1375 0.0921875
2 0.859375 0.15078125 0.14375 0.1125
2 0.778125 0.26640625 0.1625 0.1234375
2 0.9546875 0.33984375 0.090625 0.1359375
2 0.784375 0.48671875 0.19375 0.1078125
3 0.5 0.44765625 1 0.8953125