3 0.51484375 0.49765625 0.9703125 0.9953125
0 0.33671875 0.9359375 0.1359375 0.128125
0 0.2953125 0.6359375 0.1375 0.034375
0 0.384375 0.70234375 0.075 0.0734375
0 0.36875 0.6015625 0.1 0.078125
0 0.3796875 0.509375 0.053125 0.090625
0 0.32734375 0.42265625 0.0640625 0.159375
0 0.2625 0.3921875 0.078125 0.065625
0 0.2 0.278125 0.090625 0.171875
0 0.7375 0.93359375 0.0875 0.1015625
0 0.66640625 0.8875 0.0734375 0.046875
0 0.87734375 0.63671875 0.2125 0.6265625
0 0.94296875 0.23046875 0.1140625 0.128125
0 0.7671875 0.34140625 0.146875 0.253125
0 0.65703125 0.30234375 0.090625 0.2828125
0 0.71171875 0.128125 0.2609375 0.25625
0 0.41875 0.146875 0.046875 0.05
0 0.16640625 0.15625 0.0546875 0.078125
0 0.12109375 0.11640625 0.0234375 0.0515625
0 0.64375 0.11875 0.08125 0.11875
0 0.71640625 0.0578125 0.115625 0.115625
0 0.80625 0.0171875 0.13125 0.034375