3 0.50234375 0.51484375 0.9953125 0.9703125
0 0.0640625 0.33671875 0.128125 0.1359375
0 0.3640625 0.2953125 0.03359375 0.13828125
0 0.29765625 0.384375 0.0734375 0.07421875
0 0.3984375 0.36875 0.0796875 0.0984375
0 0.490625 0.3796875 0.08984375 0.0515625
0 0.57734375 0.32734375 0.159375 0.06328125
0 0.6078125 0.2625 0.0640625 0.078125
0 0.721875 0.2 0.171875 0.09140625
0 0.06640625 0.7375 0.1015625 0.0859375
0 0.1125 0.66640625 0.046875 0.07265625
0 0.36328125 0.87734375 0.62578125 0.2125
0 0.76953125 0.94296875 0.128125 0.1140625
0 0.65859375 0.7671875 0.253125 0.1484375
0 0.69765625 0.65703125 0.2828125 0.090625
0 0.871875 0.71171875 0.25625 0.2609375
0 0.853125 0.41875 0.0515625 0.046875
0 0.84375 0.16640625 0.07734375 0.0546875
0 0.88359375 0.12109375 0.05234375 0.02421875
0 0.88125 0.64375 0.11796875 0.08203125
0 0.9421875 0.71640625 0.11484375 0.115625
0 0.9828125 0.80625 0.034375 0.13125