0 0.32890625 0.77578125 0.1140625 0.1234375
0 0.45 0.50234375 0.18125 0.2390625
0 0.19296875 0.13203125 0.3859375 0.2640625
0 0.67421875 0.125 0.2125 0.2125
0 0.9171875 0.39375 0.165625 0.1375
0 0.6703125 0.55703125 0.071875 0.06875
0 0.76640625 0.5796875 0.0765625 0.090625
0 0.846875 0.58203125 0.1 0.0765625
0 0.9171875 0.53515625 0.165625 0.1578125
0 0.63125 0.82578125 0.059375 0.0671875
0 0.8046875 0.9796875 0.09375 0.040625
0 0.16796875 0.909375 0.0859375 0.06875
0 0.3734375 0.2953125 0.346875 0.2375
3 0.503125 0.49921875 0.99375 0.9984375