0 0.67109375 0.22421875 0.1140625 0.12421875
0 0.55 0.49765625 0.18125 0.23984375
0 0.80703125 0.86796875 0.3859375 0.2640625
0 0.32578125 0.875 0.2125 0.21171875
0 0.0828125 0.60625 0.165625 0.1375
0 0.3296875 0.44296875 0.07265625 0.06875
0 0.23359375 0.4203125 0.07734375 0.0890625
0 0.153125 0.41796875 0.0984375 0.07734375
0 0.0828125 0.46484375 0.16484375 0.15859375
0 0.36875 0.17421875 0.06015625 0.06640625
0 0.1953125 0.0203125 0.09375 0.040625
0 0.83203125 0.090625 0.08515625 0.0703125
0 0.6265625 0.7046875 0.34609375 0.2375
3 0.496875 0.50078125 0.99375 0.9984375