3 0.5703125 0.3234375 0.859375 0.646875
3 0.67265625 0.81484375 0.6546875 0.3703125
0 0.9046875 0.22265625 0.1125 0.0828125
0 0.8375 0.1828125 0.078125 0.109375
0 0.88359375 0.10390625 0.096875 0.0734375
0 0.93515625 0.43984375 0.0765625 0.0921875
0 0.75078125 0.47265625 0.2078125 0.115625
0 0.684375 0.534375 0.08125 0.078125
0 0.5921875 0.56484375 0.125 0.0390625
0 0.49609375 0.465625 0.1890625 0.053125
0 0.47421875 0.35 0.090625 0.071875
0 0.4203125 0.21328125 0.096875 0.134375
0 0.29140625 0.21015625 0.3078125 0.0765625
0 0.56875 0.0703125 0.14375 0.1
0 0.63984375 0.0171875 0.203125 0.034375
0 0.86015625 0.81953125 0.1015625 0.05625
0 0.7265625 0.76328125 0.165625 0.1359375
0 0.63828125 0.76953125 0.1390625 0.0578125
0 0.48359375 0.6828125 0.1640625 0.053125
0 0.60390625 0.7265625 0.034375 0.025
0 0.5375 0.73125 0.06875 0.03125
0 0.525 0.7625 0.025 0.01875
0 0.4625 0.7421875 0.03125 0.025
0 0.425 0.715625 0.04375 0.04375
0 0.92734375 0.96015625 0.1265625 0.0703125
0 0.8046875 0.946875 0.1125 0.071875
0 0.67109375 0.91796875 0.0859375 0.0546875
0 0.7390625 0.87578125 0.05625 0.0421875
0 0.68203125 0.8515625 0.053125 0.034375
0 0.575 0.86875 0.046875 0.034375
0 0.5296875 0.8421875 0.053125 0.03125
0 0.82578125 0.87421875 0.0390625 0.0359375
0 0.7875 0.8671875 0.0375 0.021875
0 0.7484375 0.8390625 0.046875 0.01875