3 0.3234375 0.4296875 0.646875 0.859375
3 0.81484375 0.32734375 0.3703125 0.6546875
0 0.22265625 0.0953125 0.0828125 0.1125
0 0.1828125 0.1625 0.109375 0.078125
0 0.10390625 0.11640625 0.0734375 0.096875
0 0.43984375 0.06484375 0.0921875 0.0765625
0 0.47265625 0.24921875 0.115625 0.2078125
0 0.534375 0.315625 0.078125 0.08125
0 0.56484375 0.4078125 0.0390625 0.125
0 0.465625 0.50390625 0.053125 0.1890625
0 0.35 0.52578125 0.071875 0.090625
0 0.21328125 0.5796875 0.134375 0.096875
0 0.21015625 0.70859375 0.0765625 0.3078125
0 0.0703125 0.43125 0.1 0.14375
0 0.0171875 0.36015625 0.034375 0.203125
0 0.81953125 0.13984375 0.05625 0.1015625
0 0.76328125 0.2734375 0.1359375 0.165625
0 0.76953125 0.36171875 0.0578125 0.1390625
0 0.6828125 0.51640625 0.053125 0.1640625
0 0.7265625 0.39609375 0.025 0.034375
0 0.73125 0.4625 0.03125 0.06875
0 0.7625 0.475 0.01875 0.025
0 0.7421875 0.5375 0.025 0.03125
0 0.715625 0.575 0.04375 0.04375
0 0.96015625 0.07265625 0.0703125 0.1265625
0 0.946875 0.1953125 0.071875 0.1125
0 0.91796875 0.32890625 0.0546875 0.0859375
0 0.87578125 0.2609375 0.0421875 0.05625
0 0.8515625 0.31796875 0.034375 0.053125
0 0.86875 0.425 0.034375 0.046875
0 0.8421875 0.4703125 0.03125 0.053125
0 0.87421875 0.17421875 0.0359375 0.0390625
0 0.8671875 0.2125 0.021875 0.0375
0 0.8390625 0.2515625 0.01875 0.046875