3 0.4296875 0.6765625 0.859375 0.646875
3 0.32734375 0.18515625 0.6546875 0.3703125
0 0.0953125 0.77734375 0.1125 0.08203125
0 0.1625 0.8171875 0.07734375 0.1078125
0 0.11640625 0.89609375 0.096875 0.07421875
0 0.06484375 0.56015625 0.0765625 0.0921875
0 0.24921875 0.52734375 0.20703125 0.115625
0 0.315625 0.465625 0.08125 0.07734375
0 0.4078125 0.43515625 0.125 0.03828125
0 0.50390625 0.534375 0.1890625 0.05390625
0 0.52578125 0.65 0.090625 0.07109375
0 0.5796875 0.78671875 0.096875 0.134375
0 0.70859375 0.78984375 0.30859375 0.0765625
0 0.43125 0.9296875 0.1421875 0.1
0 0.36015625 0.9828125 0.203125 0.034375
0 0.13984375 0.18046875 0.10234375 0.05625
0 0.2734375 0.23671875 0.16640625 0.13515625
0 0.36171875 0.23046875 0.13828125 0.05703125
0 0.51640625 0.3171875 0.1640625 0.0515625
0 0.39609375 0.2734375 0.034375 0.02421875
0 0.4625 0.26875 0.06875 0.0296875
0 0.475 0.2375 0.025 0.01796875
0 0.5375 0.2578125 0.0328125 0.02421875
0 0.575 0.284375 0.0453125 0.0421875
0 0.07265625 0.03984375 0.12578125 0.0703125
0 0.1953125 0.053125 0.11171875 0.07109375
0 0.32890625 0.08203125 0.08515625 0.05546875
0 0.2609375 0.12421875 0.05546875 0.04296875
0 0.31796875 0.1484375 0.053125 0.03515625
0 0.425 0.13125 0.046875 0.03359375
0 0.4703125 0.1578125 0.053125 0.03203125
0 0.17421875 0.12578125 0.0390625 0.03515625
0 0.2125 0.1328125 0.03671875 0.02265625
0 0.2515625 0.1609375 0.04609375 0.01875