3 0.5 0.5 1 1
1 0.278125 0.78125 0.1 0.078125
1 0.06796875 0.4390625 0.0875 0.065625
1 0.02421875 0.3234375 0.0421875 0.103125
1 0.01328125 0.2109375 0.0203125 0.053125
1 0.17734375 0.203125 0.0765625 0.059375
1 0.234375 0.2359375 0.0625 0.071875
1 0.32734375 0.24609375 0.0578125 0.0671875
1 0.2671875 0.34375 0.059375 0.08125
1 0.31640625 0.33203125 0.0765625 0.0609375
1 0.2890625 0.40546875 0.0375 0.0359375
1 0.334375 0.51171875 0.078125 0.0796875
1 0.4234375 0.56015625 0.075 0.0859375
1 0.496875 0.56171875 0.078125 0.0640625
1 0.51328125 0.503125 0.0890625 0.0625
1 0.7359375 0.5765625 0.084375 0.06875
1 0.6234375 0.790625 0.103125 0.090625
1 0.81953125 0.4453125 0.0703125 0.071875
1 0.92265625 0.52734375 0.1078125 0.0765625
1 0.38046875 0.88359375 0.1984375 0.0546875
1 0.5609375 0.3859375 0.078125 0.08125
1 0.59453125 0.41328125 0.0390625 0.0609375
1 0.7953125 0.24609375 0.040625 0.0625
1 0.584375 0.22890625 0.071875 0.065625
1 0.72421875 0.1109375 0.0640625 0.05625
1 0.5328125 0.14140625 0.040625 0.0609375
1 0.38984375 0.07421875 0.0453125 0.0484375
1 0.4390625 0.0828125 0.059375 0.059375
1 0.21640625 0.0859375 0.0578125 0.05
1 0.8671875 0.33046875 0.065625 0.0734375
1 0.9171875 0.36640625 0.075 0.0671875
2 0.1484375 0.446875 0.296875 0.278125
2 0.40625 0.74453125 0.35 0.3109375
2 0.78359375 0.6765625 0.3390625 0.340625
2 0.48046875 0.4046875 0.1515625 0.23125
2 0.36171875 0.4625 0.0984375 0.078125
2 0.56484375 0.08515625 0.1875 0.1171875
2 0.26328125 0.1921875 0.4515625 0.228125
2 0.6640625 0.2078125 0.16875 0.1375
2 0.87734375 0.25078125 0.2390625 0.1890625