3 0.5 0.5 1 0.99921875
1 0.278125 0.78125 0.1015625 0.07890625
1 0.06796875 0.4390625 0.0875 0.065625
1 0.02421875 0.3234375 0.04296875 0.103125
1 0.01328125 0.2109375 0.0203125 0.05234375
1 0.17734375 0.203125 0.0765625 0.05859375
1 0.234375 0.2359375 0.0640625 0.071875
1 0.32734375 0.24609375 0.05859375 0.06640625
1 0.2671875 0.34375 0.0609375 0.0828125
1 0.31640625 0.33203125 0.0765625 0.06015625
1 0.2890625 0.40546875 0.03828125 0.0359375
1 0.334375 0.51171875 0.078125 0.08046875
1 0.4234375 0.56015625 0.07421875 0.08671875
1 0.496875 0.56171875 0.07734375 0.06328125
1 0.51328125 0.503125 0.0890625 0.06328125
1 0.7359375 0.5765625 0.084375 0.06796875
1 0.6234375 0.790625 0.1046875 0.09140625
1 0.81953125 0.4453125 0.07109375 0.0734375
1 0.92265625 0.52734375 0.1078125 0.0765625
1 0.38046875 0.88359375 0.19921875 0.0546875
1 0.5609375 0.3859375 0.0796875 0.08125
1 0.59453125 0.41328125 0.03828125 0.06171875
1 0.7953125 0.24609375 0.03984375 0.0625
1 0.584375 0.22890625 0.07109375 0.065625
1 0.72421875 0.1109375 0.06328125 0.05546875
1 0.5328125 0.14140625 0.03984375 0.06015625
1 0.38984375 0.07421875 0.0453125 0.0484375
1 0.4390625 0.0828125 0.0609375 0.06015625
1 0.21640625 0.0859375 0.05859375 0.05
1 0.8671875 0.33046875 0.06640625 0.07421875
1 0.9171875 0.36640625 0.07578125 0.06796875
2 0.1484375 0.446875 0.296875 0.278125
2 0.40625 0.74453125 0.3515625 0.31171875
2 0.78359375 0.6765625 0.33984375 0.33984375
2 0.48046875 0.4046875 0.15234375 0.23125
2 0.36171875 0.4625 0.09765625 0.07734375
2 0.56484375 0.08515625 0.1875 0.1171875
2 0.26328125 0.1921875 0.4515625 0.2265625
2 0.6640625 0.2078125 0.16875 0.13671875
2 0.87734375 0.25078125 0.2390625 0.18828125