3 0.5 0.5 1 1
1 0.21875 0.278125 0.078125 0.1
1 0.5609375 0.06796875 0.065625 0.0875
1 0.6765625 0.02421875 0.103125 0.0421875
1 0.7890625 0.01328125 0.053125 0.0203125
1 0.796875 0.17734375 0.059375 0.0765625
1 0.7640625 0.234375 0.071875 0.0625
1 0.75390625 0.32734375 0.0671875 0.0578125
1 0.65625 0.2671875 0.08125 0.059375
1 0.66796875 0.31640625 0.0609375 0.0765625
1 0.59453125 0.2890625 0.0359375 0.0375
1 0.48828125 0.334375 0.0796875 0.078125
1 0.43984375 0.4234375 0.0859375 0.075
1 0.43828125 0.496875 0.0640625 0.078125
1 0.496875 0.51328125 0.0625 0.0890625
1 0.4234375 0.7359375 0.06875 0.084375
1 0.209375 0.6234375 0.090625 0.103125
1 0.5546875 0.81953125 0.071875 0.0703125
1 0.47265625 0.92265625 0.0765625 0.1078125
1 0.11640625 0.38046875 0.0546875 0.1984375
1 0.6140625 0.5609375 0.08125 0.078125
1 0.58671875 0.59453125 0.0609375 0.0390625
1 0.75390625 0.7953125 0.0625 0.040625
1 0.77109375 0.584375 0.065625 0.071875
1 0.8890625 0.72421875 0.05625 0.0640625
1 0.85859375 0.5328125 0.0609375 0.040625
1 0.92578125 0.38984375 0.0484375 0.0453125
1 0.9171875 0.4390625 0.059375 0.059375
1 0.9140625 0.21640625 0.05 0.0578125
1 0.66953125 0.8671875 0.0734375 0.065625
1 0.63359375 0.9171875 0.0671875 0.075
2 0.553125 0.1484375 0.278125 0.296875
2 0.25546875 0.40625 0.3109375 0.35
2 0.3234375 0.78359375 0.340625 0.3390625
2 0.5953125 0.48046875 0.23125 0.1515625
2 0.5375 0.36171875 0.078125 0.0984375
2 0.91484375 0.56484375 0.1171875 0.1875
2 0.8078125 0.26328125 0.228125 0.4515625
2 0.7921875 0.6640625 0.1375 0.16875
2 0.74921875 0.87734375 0.1890625 0.2390625