3 0.48828125 0.55859375 0.9765625 0.5265625
1 0.290625 0.640625 0.0453125 0.0328125
1 0.16640625 0.428125 0.0328125 0.034375
1 0.153125 0.5015625 0.01171875 0.02578125
1 0.33828125 0.3875 0.02578125 0.025
1 0.34453125 0.340625 0.03125 0.021875
1 0.403125 0.409375 0.0265625 0.03203125
1 0.36484375 0.42578125 0.03359375 0.0265625
1 0.30390625 0.59921875 0.03671875 0.02109375
1 0.540625 0.4609375 0.025 0.03046875
1 0.63671875 0.51171875 0.021875 0.0328125
1 0.59375 0.4953125 0.01796875 0.03046875
1 0.6671875 0.4671875 0.01640625 0.03046875
1 0.69453125 0.54765625 0.0375 0.06328125
1 0.72578125 0.55859375 0.03671875 0.02890625
1 0.86953125 0.44296875 0.03203125 0.03203125
1 0.7140625 0.484375 0.015625 0.0234375
1 0.74296875 0.38828125 0.015625 0.0359375