3 0.44140625 0.48828125 0.5265625 0.9765625
1 0.359375 0.290625 0.03125 0.04375
1 0.571875 0.16640625 0.034375 0.0328125
1 0.4984375 0.153125 0.025 0.0125
1 0.6125 0.33828125 0.025 0.0265625
1 0.659375 0.34453125 0.021875 0.03125
1 0.590625 0.403125 0.03125 0.025
1 0.57421875 0.36484375 0.0265625 0.0328125
1 0.40078125 0.30390625 0.0203125 0.0359375
1 0.5390625 0.540625 0.03125 0.025
1 0.48828125 0.63671875 0.0328125 0.021875
1 0.5046875 0.59375 0.03125 0.01875
1 0.5328125 0.6671875 0.03125 0.015625
1 0.45234375 0.69453125 0.0640625 0.0375
1 0.44140625 0.72578125 0.0296875 0.0359375
1 0.55703125 0.86953125 0.0328125 0.0328125
1 0.515625 0.7140625 0.025 0.015625
1 0.61171875 0.74296875 0.0359375 0.015625