3 0.5 0.5 1 1
2 0.16328125 0.115625 0.196875 0.190625
2 0.321875 0.04375 0.2 0.0875
2 0.5921875 0.0765625 0.090625 0.146875
2 0.859375 0.2109375 0.19375 0.2
2 0.88359375 0.72890625 0.1828125 0.1515625
2 0.73125 0.378125 0.14375 0.134375
2 0.603125 0.4734375 0.15 0.2
2 0.1265625 0.30390625 0.184375 0.1515625
2 0.45625 0.1609375 0.11875 0.171875
2 0.34140625 0.2296875 0.1390625 0.21875
2 0.08203125 0.590625 0.1640625 0.20625
2 0.2796875 0.71953125 0.20625 0.2234375
2 0.75859375 0.634375 0.1046875 0.134375
2 0.65625 0.96328125 0.09375 0.0734375
2 0.559375 0.9515625 0.06875 0.096875
0 0.8578125 0.590625 0.021875 0.015625
0 0.89765625 0.58359375 0.0171875 0.015625
0 0.86640625 0.61171875 0.0234375 0.0109375
0 0.78359375 0.5015625 0.0234375 0.015625
0 0.8171875 0.46484375 0.015625 0.0078125
0 0.5078125 0.40390625 0.015625 0.0265625
0 0.54296875 0.5875 0.0234375 0.01875
0 0.534375 0.6640625 0.03125 0.009375
0 0.821875 0.61875 0.0125 0.015625
0 0.83828125 0.58515625 0.00625 0.0078125
0 0.8046875 0.5875 0.009375 0.0125
0 0.78125 0.59375 0.0125 0.009375
0 0.73671875 0.88828125 0.0125 0.0046875
0 0.7125 0.8671875 0.021875 0.0125
0 0.48984375 0.4171875 0.0171875 0.009375
0 0.13359375 0.075 0.025 0.01875
0 0.17109375 0.18984375 0.0171875 0.015625
0 0.13984375 0.1671875 0.0328125 0.009375
0 0.71171875 0.86796875 0.028125 0.0109375