3 0.5 0.5 1 1
2 0.115625 0.83671875 0.190625 0.196875
2 0.04375 0.678125 0.0875 0.2015625
2 0.0765625 0.4078125 0.14765625 0.08984375
2 0.2109375 0.140625 0.20078125 0.19375
2 0.72890625 0.11640625 0.15078125 0.18359375
2 0.378125 0.26875 0.134375 0.1421875
2 0.4734375 0.396875 0.2 0.15
2 0.30390625 0.8734375 0.15078125 0.1828125
2 0.1609375 0.54375 0.17265625 0.11953125
2 0.2296875 0.65859375 0.21953125 0.13984375
2 0.590625 0.91796875 0.2046875 0.1640625
2 0.71953125 0.7203125 0.22265625 0.20703125
2 0.634375 0.24140625 0.13515625 0.10390625
2 0.96328125 0.34375 0.07265625 0.0921875
2 0.9515625 0.440625 0.096875 0.06875
0 0.590625 0.1421875 0.015625 0.02265625
0 0.58359375 0.10234375 0.015625 0.01640625
0 0.61171875 0.13359375 0.0109375 0.0234375
0 0.5015625 0.21640625 0.015625 0.02265625
0 0.46484375 0.1828125 0.00859375 0.01640625
0 0.40390625 0.4921875 0.0265625 0.0140625
0 0.5875 0.45703125 0.0171875 0.02421875
0 0.6640625 0.465625 0.01015625 0.03046875
0 0.61875 0.178125 0.015625 0.01171875
0 0.58515625 0.16171875 0.00859375 0.00625
0 0.5875 0.1953125 0.01328125 0.0109375
0 0.59375 0.21875 0.01015625 0.0109375
0 0.88828125 0.26328125 0.00546875 0.0125
0 0.8671875 0.2875 0.01328125 0.02109375
0 0.4171875 0.51015625 0.0109375 0.0171875
0 0.075 0.86640625 0.01796875 0.025
0 0.18984375 0.82890625 0.015625 0.01640625
0 0.1671875 0.86015625 0.0078125 0.03359375
0 0.86796875 0.28828125 0.0109375 0.028125