3 0.49453125 0.5 0.9890625 1
0 0.50546875 0.2828125 0.06875 0.075
0 0.4515625 0.32421875 0.040625 0.0484375
0 0.40625 0.59453125 0.053125 0.0515625
0 0.6796875 0.34921875 0.034375 0.05
0 0.75078125 0.334375 0.05 0.071875
0 0.70859375 0.43125 0.0671875 0.05625
0 0.71015625 0.303125 0.0375 0.0375
0 0.78203125 0.54765625 0.0453125 0.0890625
0 0.828125 0.5296875 0.04375 0.015625
0 0.7546875 0.2515625 0.034375 0.040625
0 0.6421875 0.7109375 0.034375 0.065625
0 0.63125 0.7859375 0.05 0.071875
0 0.44453125 0.56484375 0.025 0.0203125
0 0.325 0.49296875 0.06875 0.059375
0 0.2453125 0.54296875 0.046875 0.0265625
0 0.09453125 0.45703125 0.0796875 0.0234375
0 0.14453125 0.50078125 0.0234375 0.0703125
0 0.18828125 0.52578125 0.0671875 0.0109375
0 0.21484375 0.89765625 0.0640625 0.046875
0 0.184375 0.959375 0.084375 0.075