3 0.5 0.50546875 1 0.9890625
0 0.2828125 0.49453125 0.075 0.06875
0 0.32421875 0.5484375 0.0484375 0.040625
0 0.59453125 0.59375 0.0515625 0.053125
0 0.34921875 0.3203125 0.05 0.034375
0 0.334375 0.24921875 0.071875 0.05
0 0.43125 0.29140625 0.05625 0.0671875
0 0.303125 0.28984375 0.0375 0.0375
0 0.54765625 0.21796875 0.0890625 0.0453125
0 0.5296875 0.171875 0.015625 0.04375
0 0.2515625 0.2453125 0.040625 0.034375
0 0.7109375 0.3578125 0.065625 0.034375
0 0.7859375 0.36875 0.071875 0.05
0 0.56484375 0.55546875 0.0203125 0.025
0 0.49296875 0.675 0.059375 0.06875
0 0.54296875 0.7546875 0.0265625 0.046875
0 0.45703125 0.90546875 0.0234375 0.0796875
0 0.50078125 0.85546875 0.0703125 0.0234375
0 0.52578125 0.81171875 0.0109375 0.0671875
0 0.89765625 0.78515625 0.046875 0.0640625
0 0.959375 0.815625 0.075 0.084375