2 0.69140625 0.26328125 0.1859375 0.384375
2 0.621875 0.7390625 0.1625 0.240625
2 0.51328125 0.125 0.2171875 0.25
2 0.53515625 0.44609375 0.1359375 0.2375
2 0.44296875 0.79296875 0.1421875 0.3515625
2 0.40859375 0.5328125 0.0890625 0.178125
2 0.3953125 0.9609375 0.065625 0.071875
2 0.30625 0.7453125 0.09375 0.16875
2 0.259375 0.84765625 0.0875 0.18125
2 0.36015625 0.30390625 0.0984375 0.1984375
2 0.2171875 0.27109375 0.040625 0.1125
2 0.26640625 0.4890625 0.1125 0.11875
3 0.52578125 0.5 0.7078125 1