2 0.30859375 0.73671875 0.1859375 0.384375
2 0.378125 0.2609375 0.1625 0.240625
2 0.48671875 0.875 0.2171875 0.25
2 0.46484375 0.55390625 0.1359375 0.2375
2 0.55703125 0.20703125 0.1421875 0.3515625
2 0.59140625 0.4671875 0.0890625 0.178125
2 0.6046875 0.0390625 0.065625 0.071875
2 0.69375 0.2546875 0.09375 0.16875
2 0.740625 0.15234375 0.0875 0.18125
2 0.63984375 0.69609375 0.0984375 0.1984375
2 0.7828125 0.72890625 0.040625 0.1125
2 0.73359375 0.5109375 0.1125 0.11875
3 0.47421875 0.5 0.7078125 1