2 0.73671875 0.69140625 0.384375 0.18515625
2 0.2609375 0.621875 0.23984375 0.1625
2 0.875 0.51328125 0.24921875 0.2171875
2 0.55390625 0.53515625 0.2375 0.1359375
2 0.20703125 0.44296875 0.35078125 0.14140625
2 0.4671875 0.40859375 0.1765625 0.08984375
2 0.0390625 0.3953125 0.07109375 0.06484375
2 0.2546875 0.30625 0.16875 0.0953125
2 0.15234375 0.259375 0.18125 0.08828125
2 0.69609375 0.36015625 0.1984375 0.09921875
2 0.72890625 0.2171875 0.1125 0.0421875
2 0.5109375 0.26640625 0.11953125 0.1125
3 0.5 0.52578125 1 0.7078125