3 0.46015625 0.5 0.9203125 1
0 0.05859375 0.16875 0.1171875 0.071875
0 0.38046875 0.28359375 0.1671875 0.159375
0 0.2765625 0.5859375 0.078125 0.084375
0 0.13125 0.51796875 0.075 0.1640625
0 0.2046875 0.5859375 0.059375 0.15625
0 0.29765625 0.69609375 0.09375 0.0640625
0 0.19140625 0.92578125 0.071875 0.128125
0 0.08046875 0.8421875 0.0546875 0.046875
0 0.02109375 0.8125 0.0421875 0.1
0 0.3 0.68515625 0.09375 0.0890625
0 0.4171875 0.709375 0.065625 0.0625
0 0.4453125 0.6328125 0.053125 0.04375
0 0.39921875 0.5953125 0.0234375 0.078125
0 0.46796875 0.559375 0.1171875 0.09375
0 0.62734375 0.625 0.0640625 0.14375
0 0.55703125 0.7203125 0.0265625 0.028125
0 0.5171875 0.815625 0.04375 0.046875
0 0.7734375 0.65 0.040625 0.04375
0 0.70234375 0.5796875 0.0703125 0.05
0 0.78984375 0.01484375 0.0421875 0.0234375
0 0.828125 0.028125 0.034375 0.04375
0 0.3421875 0.87421875 0.078125 0.09375
0 0.43671875 0.7953125 0.0359375 0.021875
0 0.57578125 0.89921875 0.1046875 0.0390625
0 0.60078125 0.046875 0.0265625 0.025