3 0.5 0.53984375 1 0.9203125
0 0.16875 0.94140625 0.071875 0.1171875
0 0.28359375 0.61953125 0.159375 0.16640625
0 0.5859375 0.7234375 0.0859375 0.07890625
0 0.51796875 0.86875 0.16328125 0.07421875
0 0.5859375 0.7953125 0.15546875 0.0578125
0 0.69609375 0.70234375 0.06328125 0.09375
0 0.92578125 0.80859375 0.128125 0.071875
0 0.8421875 0.91953125 0.046875 0.0546875
0 0.8125 0.97890625 0.1015625 0.0421875
0 0.68515625 0.7 0.0890625 0.0921875
0 0.709375 0.5828125 0.0640625 0.06640625
0 0.6328125 0.5546875 0.04453125 0.053125
0 0.5953125 0.60078125 0.078125 0.0234375
0 0.559375 0.53203125 0.09375 0.11640625
0 0.625 0.37265625 0.14296875 0.06328125
0 0.7203125 0.44296875 0.02890625 0.02578125
0 0.815625 0.4828125 0.046875 0.04453125
0 0.65 0.2265625 0.04453125 0.03984375
0 0.5796875 0.29765625 0.05078125 0.0703125
0 0.01484375 0.21015625 0.02421875 0.04140625
0 0.028125 0.171875 0.0421875 0.034375
0 0.87421875 0.6578125 0.09375 0.078125
0 0.7953125 0.56328125 0.02265625 0.0359375
0 0.89921875 0.42421875 0.03984375 0.10546875
0 0.046875 0.39921875 0.0234375 0.02578125