3 0.5 0.53984375 1 0.9203125
0 0.16875 0.94140625 0.071875 0.1171875
0 0.28359375 0.61953125 0.159375 0.1671875
0 0.5859375 0.7234375 0.084375 0.078125
0 0.51796875 0.86875 0.1640625 0.075
0 0.5859375 0.7953125 0.15625 0.059375
0 0.69609375 0.70234375 0.0640625 0.09375
0 0.92578125 0.80859375 0.128125 0.071875
0 0.8421875 0.91953125 0.046875 0.0546875
0 0.8125 0.97890625 0.1 0.0421875
0 0.68515625 0.7 0.0890625 0.09375
0 0.709375 0.5828125 0.0625 0.065625
0 0.6328125 0.5546875 0.04375 0.053125
0 0.5953125 0.60078125 0.078125 0.0234375
0 0.559375 0.53203125 0.09375 0.1171875
0 0.625 0.37265625 0.14375 0.0640625
0 0.7203125 0.44296875 0.028125 0.0265625
0 0.815625 0.4828125 0.046875 0.04375
0 0.65 0.2265625 0.04375 0.040625
0 0.5796875 0.29765625 0.05 0.0703125
0 0.01484375 0.21015625 0.0234375 0.0421875
0 0.028125 0.171875 0.04375 0.034375
0 0.87421875 0.6578125 0.09375 0.078125
0 0.7953125 0.56328125 0.021875 0.0359375
0 0.89921875 0.42421875 0.0390625 0.1046875
0 0.046875 0.39921875 0.025 0.0265625