0 0.65078125 0.76328125 0.0328125 0.0359375
0 0.61171875 0.7328125 0.0546875 0.046875
0 0.59453125 0.640625 0.0609375 0.078125
0 0.67265625 0.6828125 0.021875 0.040625
0 0.6484375 0.57265625 0.0625 0.05
0 0.66484375 0.48125 0.040625 0.08125
0 0.62890625 0.45703125 0.046875 0.0578125
0 0.64453125 0.3546875 0.034375 0.040625
0 0.58984375 0.38203125 0.0859375 0.0796875
0 0.640625 0.2390625 0.04375 0.046875
0 0.54296875 0.59765625 0.0453125 0.0546875
0 0.52265625 0.6484375 0.0609375 0.046875
0 0.43515625 0.5265625 0.0453125 0.034375
0 0.40390625 0.50546875 0.040625 0.053125
0 0.55859375 0.484375 0.0390625 0.0375
0 0.51875 0.40859375 0.04375 0.0671875
0 0.45234375 0.41640625 0.0296875 0.0640625
0 0.35546875 0.5328125 0.0484375 0.040625
0 0.434375 0.75234375 0.046875 0.046875
0 0.5671875 0.78984375 0.034375 0.0671875
0 0.546875 0.6984375 0.040625 0.03125
0 0.49765625 0.7953125 0.0328125 0.071875
0 0.49921875 0.603125 0.0453125 0.053125
0 0.44140625 0.6859375 0.0359375 0.04375
0 0.3796875 0.63515625 0.046875 0.046875
0 0.38203125 0.584375 0.0546875 0.034375
0 0.38203125 0.38984375 0.0359375 0.0390625
0 0.48515625 0.3546875 0.0296875 0.0375
0 0.44375 0.3515625 0.025 0.0375
0 0.453125 0.29375 0.025 0.03125
0 0.40390625 0.30859375 0.0484375 0.0359375
0 0.41015625 0.25703125 0.0203125 0.034375
0 0.5484375 0.1765625 0.05625 0.05
3 0.5546875 0.50703125 0.503125 0.8828125