0 0.23671875 0.65078125 0.03671875 0.03359375
0 0.2671875 0.61171875 0.04609375 0.05390625
0 0.359375 0.59453125 0.07890625 0.0609375
0 0.3171875 0.67265625 0.040625 0.021875
0 0.42734375 0.6484375 0.05 0.06171875
0 0.51875 0.66484375 0.0828125 0.040625
0 0.54296875 0.62890625 0.0578125 0.046875
0 0.6453125 0.64453125 0.04140625 0.034375
0 0.61796875 0.58984375 0.07890625 0.08671875
0 0.7609375 0.640625 0.04609375 0.04453125
0 0.40234375 0.54296875 0.0546875 0.04609375
0 0.3515625 0.52265625 0.04765625 0.06171875
0 0.4734375 0.43515625 0.0359375 0.04609375
0 0.49453125 0.40390625 0.053125 0.040625
0 0.515625 0.55859375 0.0359375 0.03984375
0 0.59140625 0.51875 0.06796875 0.0453125
0 0.58359375 0.45234375 0.06328125 0.0296875
0 0.4671875 0.35546875 0.0390625 0.04921875
0 0.24765625 0.434375 0.046875 0.04765625
0 0.21015625 0.5671875 0.0671875 0.0328125
0 0.3015625 0.546875 0.03046875 0.040625
0 0.2046875 0.49765625 0.07109375 0.0328125
0 0.396875 0.49921875 0.05390625 0.0453125
0 0.3140625 0.44140625 0.04296875 0.03515625
0 0.36484375 0.3796875 0.046875 0.0453125
0 0.415625 0.38203125 0.03515625 0.05546875
0 0.61015625 0.38203125 0.0390625 0.03671875
0 0.6453125 0.48515625 0.03671875 0.0296875
0 0.6484375 0.44375 0.03828125 0.0234375
0 0.70625 0.453125 0.03203125 0.02578125
0 0.69140625 0.40390625 0.03671875 0.04765625
0 0.74296875 0.41015625 0.034375 0.0203125
0 0.8234375 0.5484375 0.05078125 0.05703125
3 0.49296875 0.5546875 0.88203125 0.50234375