3 0.25390625 0.51640625 0.5078125 0.9609375
3 0.73828125 0.50625 0.5234375 0.98046875
2 0.040625 0.26171875 0.08125 0.19609375
2 0.1890625 0.20625 0.1625 0.140625
2 0.36171875 0.18203125 0.146875 0.16328125
2 0.31953125 0.63046875 0.19609375 0.22265625
2 0.32890625 0.390625 0.1859375 0.1828125
2 0.625 0.72890625 0.23671875 0.2796875
2 0.60625 0.1515625 0.1515625 0.14921875
2 0.915625 0.284375 0.16796875 0.2453125
2 0.10625 0.4828125 0.2125 0.228125
2 0.74296875 0.22421875 0.1625 0.18125
2 0.59296875 0.35 0.1640625 0.1453125
2 0.7984375 0.45234375 0.19140625 0.184375