0 0.36171875 0.42890625 0.115625 0.0609375
0 0.71015625 0.47265625 0.0890625 0.0359375
0 0.571875 0.51640625 0.090625 0.0484375
0 0.6125 0.7078125 0.053125 0.03125
0 0.69609375 0.81953125 0.0671875 0.0609375
0 0.47109375 0.8265625 0.025 0.034375
0 0.44609375 0.87578125 0.0828125 0.0484375
0 0.2984375 0.83515625 0.071875 0.0375
0 0.4 0.74375 0.0375 0.04375
0 0.20625 0.73359375 0.05 0.0328125
0 0.14296875 0.61484375 0.1515625 0.0546875
0 0.434375 0.66953125 0.0375 0.0640625
3 0.5 0.55234375 1 0.8953125