3 0.51640625 0.74609375 0.9609375 0.5078125
3 0.50625 0.26171875 0.98125 0.5234375
2 0.26171875 0.959375 0.1953125 0.08125
2 0.20625 0.8109375 0.140625 0.1625
2 0.18203125 0.63828125 0.1640625 0.146875
2 0.63046875 0.68046875 0.2234375 0.1953125
2 0.390625 0.67109375 0.18125 0.1859375
2 0.72890625 0.375 0.2796875 0.2375
2 0.1515625 0.39375 0.15 0.15
2 0.284375 0.084375 0.24375 0.16875
2 0.4828125 0.89375 0.228125 0.2125
2 0.22421875 0.25703125 0.18125 0.1625
2 0.35 0.40703125 0.14375 0.1640625
2 0.45234375 0.2015625 0.184375 0.190625