0 0.63828125 0.57109375 0.115625 0.0609375
0 0.28984375 0.52734375 0.0890625 0.03515625
0 0.428125 0.48359375 0.09140625 0.0484375
0 0.3875 0.2921875 0.053125 0.03046875
0 0.30390625 0.18046875 0.06796875 0.06015625
0 0.52890625 0.1734375 0.025 0.0328125
0 0.55390625 0.12421875 0.08359375 0.04765625
0 0.7015625 0.16484375 0.0734375 0.0375
0 0.6 0.25625 0.0390625 0.04453125
0 0.79375 0.26640625 0.0515625 0.03359375
0 0.85703125 0.38515625 0.15234375 0.0546875
0 0.565625 0.33046875 0.03828125 0.06484375
3 0.5 0.44765625 1 0.8953125