3 0.48359375 0.25390625 0.9609375 0.5078125
3 0.49375 0.73828125 0.98125 0.5234375
2 0.73828125 0.040625 0.1953125 0.08125
2 0.79375 0.1890625 0.140625 0.1625
2 0.81796875 0.36171875 0.1640625 0.146875
2 0.36953125 0.31953125 0.2234375 0.1953125
2 0.609375 0.32890625 0.18125 0.1859375
2 0.27109375 0.625 0.2796875 0.2375
2 0.8484375 0.60625 0.15 0.15
2 0.715625 0.915625 0.24375 0.16875
2 0.5171875 0.10625 0.228125 0.2125
2 0.77578125 0.74296875 0.18125 0.1625
2 0.65 0.59296875 0.14375 0.1640625
2 0.54765625 0.7984375 0.184375 0.190625