2 0.89140625 0.83125 0.1453125 0.14375
2 0.95 0.64609375 0.1 0.1109375
2 0.95859375 0.475 0.0828125 0.125
2 0.91953125 0.2828125 0.140625 0.165625
2 0.73046875 0.2890625 0.0953125 0.084375
2 0.8234375 0.58515625 0.06875 0.0828125
2 0.7546875 0.73203125 0.065625 0.0546875
2 0.72578125 0.84921875 0.0546875 0.1125
2 0.84140625 0.16796875 0.1546875 0.15625
2 0.69765625 0.1125 0.15 0.1375
2 0.55546875 0.11640625 0.15 0.16875
2 0.5671875 0.4234375 0.059375 0.0375
2 0.646875 0.4875 0.034375 0.078125
2 0.71015625 0.540625 0.0859375 0.046875
2 0.753125 0.64140625 0.028125 0.0328125
2 0.390625 0.44140625 0.125 0.0765625
2 0.1796875 0.6734375 0.078125 0.040625
2 0.2796875 0.4765625 0.05625 0.084375
2 0.10546875 0.34609375 0.1203125 0.1078125
2 0.4046875 0.16640625 0.071875 0.0296875
2 0.41640625 0.14375 0.053125 0.040625