2 0.16875 0.89140625 0.14375 0.1453125
2 0.35390625 0.95 0.1109375 0.1
2 0.525 0.95859375 0.125 0.0828125
2 0.7171875 0.91953125 0.165625 0.140625
2 0.7109375 0.73046875 0.084375 0.0953125
2 0.41484375 0.8234375 0.0828125 0.06875
2 0.26796875 0.7546875 0.0546875 0.065625
2 0.15078125 0.72578125 0.1125 0.0546875
2 0.83203125 0.84140625 0.15625 0.1546875
2 0.8875 0.69765625 0.1375 0.15
2 0.88359375 0.55546875 0.16875 0.15
2 0.5765625 0.5671875 0.0375 0.059375
2 0.5125 0.646875 0.078125 0.034375
2 0.459375 0.71015625 0.046875 0.0859375
2 0.35859375 0.753125 0.0328125 0.028125
2 0.55859375 0.390625 0.0765625 0.125
2 0.3265625 0.1796875 0.040625 0.078125
2 0.5234375 0.2796875 0.084375 0.05625
2 0.65390625 0.10546875 0.1078125 0.1203125
2 0.83359375 0.4046875 0.0296875 0.071875
2 0.85625 0.41640625 0.040625 0.053125