3 0.5 0.5 1 1
2 0.75 0.13515625 0.10625 0.1234375
2 0.66015625 0.2421875 0.11796875 0.11484375
2 0.26171875 0.23046875 0.11015625 0.10703125
2 0.41953125 0.26171875 0.11171875 0.12734375
2 0.025 0.21796875 0.04765625 0.1390625
2 0.515625 0.5 0.13515625 0.15078125
2 0.5859375 0.31875 0.11953125 0.0828125
2 0.75234375 0.13984375 0.1078125 0.11953125
2 0.8453125 0.26015625 0.13203125 0.11015625
2 0.92109375 0.22734375 0.08515625 0.128125
2 0.91953125 0.36328125 0.08515625 0.11640625
2 0.67265625 0.75078125 0.1671875 0.1359375
2 0.346875 0.75 0.134375 0.15078125
2 0.27734375 0.7046875 0.03125 0.09140625
2 0.309375 0.65703125 0.06171875 0.046875
2 0.34921875 0.1515625 0.103125 0.08984375
2 0.44296875 0.103125 0.07578125 0.0984375
2 0.10859375 0.3296875 0.1359375 0.1140625
0 0.5859375 0.64296875 0.00703125 0.01328125
0 0.5453125 0.659375 0.03515625 0.028125
0 0.58046875 0.66484375 0.028125 0.0203125
0 0.634375 0.60546875 0.0171875 0.053125
0 0.62890625 0.6703125 0.015625 0.02109375
0 0.67578125 0.51875 0.0171875 0.02265625
0 0.72109375 0.54375 0.04375 0.02109375
0 0.72734375 0.325 0.0328125 0.03828125
0 0.34296875 0.278125 0.02265625 0.01875
0 0.20078125 0.3984375 0.02890625 0.021875
0 0.48984375 0.46328125 0.0328125 0.0484375
0 0.49921875 0.5140625 0.01640625 0.03671875
0 0.5234375 0.55 0.02265625 0.03203125
0 0.51328125 0.46171875 0.01328125 0.0296875
0 0.5171875 0.503125 0.021875 0.03671875
0 0.61328125 0.53046875 0.00859375 0.01953125
0 0.7546875 0.5359375 0.009375 0.028125
0 0.73046875 0.3234375 0.01796875 0.0359375
0 0.35859375 0.5296875 0.0359375 0.040625