3 0.5 0.5 1 1
2 0.13515625 0.25 0.1234375 0.10625
2 0.2421875 0.33984375 0.115625 0.1171875
2 0.23046875 0.73828125 0.1078125 0.1109375
2 0.26171875 0.58046875 0.1265625 0.1109375
2 0.21796875 0.975 0.1390625 0.046875
2 0.5 0.484375 0.15 0.134375
2 0.31875 0.4140625 0.08125 0.11875
2 0.13984375 0.24765625 0.1203125 0.1078125
2 0.26015625 0.1546875 0.1109375 0.13125
2 0.22734375 0.07890625 0.128125 0.0859375
2 0.36328125 0.08046875 0.1171875 0.0859375
2 0.75078125 0.32734375 0.1359375 0.1671875
2 0.75 0.653125 0.15 0.134375
2 0.7046875 0.72265625 0.090625 0.03125
2 0.65703125 0.690625 0.046875 0.0625
2 0.1515625 0.65078125 0.090625 0.103125
2 0.103125 0.55703125 0.1 0.0765625
2 0.3296875 0.89140625 0.115625 0.1359375
0 0.64296875 0.4140625 0.0140625 0.00625
0 0.659375 0.4546875 0.028125 0.034375
0 0.66484375 0.41953125 0.0203125 0.028125
0 0.60546875 0.365625 0.053125 0.01875
0 0.6703125 0.37109375 0.021875 0.015625
0 0.51875 0.32421875 0.021875 0.0171875
0 0.54375 0.27890625 0.021875 0.04375
0 0.325 0.27265625 0.0375 0.0328125
0 0.278125 0.65703125 0.01875 0.0234375
0 0.3984375 0.79921875 0.021875 0.0296875
0 0.46328125 0.51015625 0.0484375 0.0328125
0 0.5140625 0.50078125 0.0375 0.0171875
0 0.55 0.4765625 0.03125 0.021875
0 0.46171875 0.48671875 0.0296875 0.0140625
0 0.503125 0.4828125 0.0375 0.021875
0 0.53046875 0.38671875 0.0203125 0.0078125
0 0.5359375 0.2453125 0.028125 0.009375
0 0.3234375 0.26953125 0.034375 0.0171875
0 0.5296875 0.64140625 0.040625 0.0359375