3 0.5625 0.5015625 0.76875 0.940625
2 0.61015625 0.7328125 0.165625 0.121875
2 0.75078125 0.5140625 0.1359375 0.153125
2 0.509375 0.45390625 0.115625 0.128125
2 0.66875 0.40078125 0.103125 0.1234375
2 0.37421875 0.5625 0.1140625 0.1125
2 0.39453125 0.31796875 0.10625 0.1203125
2 0.36015625 0.465625 0.075 0.125
2 0.77890625 0.31796875 0.1203125 0.1515625
2 0.8015625 0.1546875 0.075 0.14375
2 0.6109375 0.20390625 0.096875 0.128125
2 0.746875 0.12265625 0.11875 0.0953125
2 0.69296875 0.11484375 0.0984375 0.0453125
2 0.515625 0.54609375 0.0875 0.0484375