3 0.4984375 0.5625 0.940625 0.76875
2 0.2671875 0.61015625 0.121875 0.165625
2 0.4859375 0.75078125 0.153125 0.1359375
2 0.54609375 0.509375 0.128125 0.115625
2 0.59921875 0.66875 0.1234375 0.103125
2 0.4375 0.37421875 0.1125 0.1140625
2 0.68203125 0.39453125 0.1203125 0.10625
2 0.534375 0.36015625 0.125 0.075
2 0.68203125 0.77890625 0.1515625 0.1203125
2 0.8453125 0.8015625 0.14375 0.075
2 0.79609375 0.6109375 0.128125 0.096875
2 0.87734375 0.746875 0.0953125 0.11875
2 0.88515625 0.69296875 0.0453125 0.0984375
2 0.45390625 0.515625 0.0484375 0.0875