3 0.4640625 0.5 0.7859375 1
0 0.2859375 0.58515625 0.0453125 0.08125
0 0.4015625 0.62265625 0.0640625 0.1296875
0 0.3671875 0.41015625 0.03046875 0.05234375
0 0.2890625 0.171875 0.03046875 0.04140625
0 0.3671875 0.109375 0.0453125 0.02890625
0 0.5421875 0.3328125 0.07109375 0.0734375
0 0.42109375 0.38515625 0.03984375 0.08828125
0 0.38359375 0.33515625 0.028125 0.03671875
0 0.3671875 0.40625 0.01953125 0.04921875
0 0.45625 0.509375 0.025 0.1203125
0 0.575 0.68359375 0.23359375 0.12578125
0 0.64296875 0.34921875 0.03828125 0.02578125
0 0.721875 0.303125 0.171875 0.06796875
0 0.3703125 0.109375 0.03984375 0.02890625