3 0.4640625 0.5 0.784375 1
0 0.2859375 0.58515625 0.046875 0.08125
0 0.4015625 0.62265625 0.065625 0.1296875
0 0.3671875 0.41015625 0.03125 0.0515625
0 0.2890625 0.171875 0.03125 0.040625
0 0.3671875 0.109375 0.046875 0.028125
0 0.5421875 0.3328125 0.071875 0.071875
0 0.42109375 0.38515625 0.0390625 0.0890625
0 0.38359375 0.33515625 0.028125 0.0359375
0 0.3671875 0.40625 0.01875 0.05
0 0.45625 0.509375 0.025 0.11875
0 0.575 0.68359375 0.234375 0.1265625
0 0.64296875 0.34921875 0.0390625 0.0265625
0 0.721875 0.303125 0.171875 0.06875
0 0.3703125 0.109375 0.040625 0.028125