3 0.5359375 0.5 0.784375 1
0 0.7140625 0.41484375 0.046875 0.08125
0 0.5984375 0.37734375 0.065625 0.1296875
0 0.6328125 0.58984375 0.03125 0.0515625
0 0.7109375 0.828125 0.03125 0.040625
0 0.6328125 0.890625 0.046875 0.028125
0 0.4578125 0.6671875 0.071875 0.071875
0 0.57890625 0.61484375 0.0390625 0.0890625
0 0.61640625 0.66484375 0.028125 0.0359375
0 0.6328125 0.59375 0.01875 0.05
0 0.54375 0.490625 0.025 0.11875
0 0.425 0.31640625 0.234375 0.1265625
0 0.35703125 0.65078125 0.0390625 0.0265625
0 0.278125 0.696875 0.171875 0.06875
0 0.6296875 0.890625 0.040625 0.028125