3 0.5 0.88984375 1 0.2203125
3 0.5 0.34921875 1 0.6984375
2 0.12421875 0.3890625 0.23515625 0.165625
2 0.42265625 0.45625 0.25 0.1734375
2 0.6734375 0.37109375 0.25546875 0.125
2 0.3953125 0.275 0.12109375 0.115625
2 0.15078125 0.05625 0.22734375 0.1125
2 0.4 0.01875 0.171875 0.0375
2 0.3 0.13828125 0.19609375 0.1328125
2 0.4828125 0.26796875 0.0875 0.109375
2 0.78125 0.20546875 0.23359375 0.11953125
2 0.5578125 0.1125 0.18125 0.09375
2 0.66796875 0.0421875 0.1796875 0.084375
2 0.0265625 0.203125 0.053125 0.1171875