3 0.88984375 0.5 0.2203125 1
3 0.34921875 0.5 0.6984375 1
2 0.3890625 0.87578125 0.165625 0.2359375
2 0.45625 0.57734375 0.175 0.25
2 0.37109375 0.3265625 0.125 0.25625
2 0.275 0.6046875 0.115625 0.121875
2 0.05625 0.84921875 0.1125 0.2265625
2 0.01875 0.6 0.0375 0.171875
2 0.13828125 0.7 0.1328125 0.196875
2 0.26796875 0.5171875 0.109375 0.0875
2 0.20546875 0.21875 0.1203125 0.234375
2 0.1125 0.4421875 0.09375 0.18125
2 0.0421875 0.33203125 0.084375 0.1796875
2 0.203125 0.9734375 0.11875 0.053125