2 0.7625 0.16640625 0.115625 0.0765625
2 0.45546875 0.128125 0.1109375 0.084375
2 0.540625 0.259375 0.10625 0.078125
2 0.69375 0.2640625 0.096875 0.065625
2 0.753125 0.315625 0.09375 0.065625
2 0.80625 0.3890625 0.09375 0.06875
2 0.68203125 0.521875 0.0890625 0.05
2 0.578125 0.4625 0.1 0.05625
2 0.3984375 0.4 0.096875 0.0625
2 0.46640625 0.46953125 0.0984375 0.0578125
2 0.3953125 0.5484375 0.090625 0.040625
2 0.39921875 0.33203125 0.1390625 0.0765625
0 0.34453125 0.29453125 0.0703125 0.0984375
0 0.42890625 0.27578125 0.0984375 0.0671875
0 0.57890625 0.353125 0.1109375 0.078125
0 0.6046875 0.503125 0.075 0.04375
0 0.5109375 0.528125 0.075 0.04375
0 0.36484375 0.50234375 0.0546875 0.0453125
3 0.55703125 0.46875 0.7703125 0.9375