2 0.2375 0.83359375 0.11484375 0.07578125
2 0.54453125 0.871875 0.11015625 0.084375
2 0.459375 0.740625 0.10546875 0.078125
2 0.30625 0.7359375 0.096875 0.06484375
2 0.246875 0.684375 0.0921875 0.06640625
2 0.19375 0.6109375 0.09453125 0.06796875
2 0.31796875 0.478125 0.08828125 0.0484375
2 0.421875 0.5375 0.09921875 0.05546875
2 0.6015625 0.6 0.0953125 0.0625
2 0.53359375 0.53046875 0.09765625 0.05703125
2 0.6046875 0.4515625 0.0890625 0.0390625
2 0.60078125 0.66796875 0.13828125 0.07578125
0 0.65546875 0.70546875 0.0703125 0.09765625
0 0.57109375 0.72421875 0.09765625 0.0671875
0 0.42109375 0.646875 0.11171875 0.078125
0 0.3953125 0.496875 0.07578125 0.0421875
0 0.4890625 0.471875 0.07578125 0.04453125
0 0.63515625 0.49765625 0.05390625 0.04453125
3 0.44296875 0.53125 0.77109375 0.9375