3 0.36015625 0.6515625 0.7171875 0.696875
2 0.53125 0.628125 0.1546875 0.1265625
2 0.55703125 0.52265625 0.165625 0.06796875
2 0.33359375 0.478125 0.178125 0.0515625
2 0.46640625 0.74765625 0.09375 0.09609375
2 0.3140625 0.9078125 0.13984375 0.109375
2 0.259375 0.95625 0.13984375 0.071875
2 0.09921875 0.7109375 0.13828125 0.08515625
2 0.1078125 0.5609375 0.10390625 0.040625
2 0.2375 0.62109375 0.0609375 0.10859375
2 0.16796875 0.74921875 0.06796875 0.03125
2 0.17578125 0.509375 0.05625 0.03671875