3 0.5 0.4890625 1 0.978125
2 0.49609375 0.73984375 0.16875 0.08984375
2 0.38671875 0.5375 0.14921875 0.1015625
2 0.52265625 0.60625 0.13203125 0.0875
2 0.09375 0.5140625 0.15 0.09453125
2 0.79609375 0.62734375 0.13671875 0.10859375
2 0.6390625 0.428125 0.1109375 0.11484375
2 0.89375 0.42734375 0.14140625 0.0859375
2 0.709375 0.325 0.12890625 0.07265625
2 0.4234375 0.38125 0.09765625 0.0625
2 0.45078125 0.3296875 0.09453125 0.06796875
2 0.21015625 0.271875 0.10390625 0.0765625
2 0.075 0.2203125 0.11328125 0.06640625
2 0.1328125 0.1421875 0.09609375 0.05
2 0.321875 0.12890625 0.09375 0.05390625
2 0.48828125 0.16328125 0.09375 0.02734375
2 0.43203125 0.0484375 0.08515625 0.05390625
2 0.5828125 0.096875 0.08046875 0.06796875
2 0.67265625 0.1203125 0.084375 0.0640625
2 0.79375 0.11875 0.0984375 0.06640625
2 0.94296875 0.246875 0.103125 0.06953125
2 0.9671875 0.1625 0.065625 0.09453125
2 0.725 0.18515625 0.1046875 0.05625
2 0.85078125 0.20546875 0.0890625 0.0609375
2 0.521875 0.25 0.09140625 0.0765625
0 0.34296875 0.1875 0.1171875 0.08125
0 0.2875 0.3421875 0.09375 0.065625
0 0.50390625 0.58984375 0.09609375 0.08046875
0 0.6 0.5578125 0.12421875 0.08828125
0 0.60390625 0.20234375 0.1140625 0.08984375
0 0.4828125 0.225 0.04375 0.053125
0 0.34296875 0.396875 0.034375 0.0734375
0 0.70390625 0.55859375 0.08046875 0.09453125
0 0.81328125 0.20703125 0.09609375 0.0734375