3 0.5109375 0.5 0.978125 1
2 0.26015625 0.49609375 0.0890625 0.16875
2 0.4625 0.38671875 0.1 0.1484375
2 0.39375 0.52265625 0.0875 0.1328125
2 0.4859375 0.09375 0.09375 0.15
2 0.37265625 0.79609375 0.1078125 0.1359375
2 0.571875 0.6390625 0.115625 0.109375
2 0.57265625 0.89375 0.0859375 0.140625
2 0.675 0.709375 0.071875 0.128125
2 0.61875 0.4234375 0.0625 0.096875
2 0.6703125 0.45078125 0.06875 0.0953125
2 0.728125 0.21015625 0.075 0.1046875
2 0.7796875 0.075 0.065625 0.1125
2 0.8578125 0.1328125 0.05 0.096875
2 0.87109375 0.321875 0.0546875 0.09375
2 0.83671875 0.48828125 0.0265625 0.09375
2 0.9515625 0.43203125 0.053125 0.0859375
2 0.903125 0.5828125 0.06875 0.08125
2 0.8796875 0.67265625 0.065625 0.084375
2 0.88125 0.79375 0.065625 0.1
2 0.753125 0.94296875 0.06875 0.103125
2 0.8375 0.9671875 0.09375 0.065625
2 0.81484375 0.725 0.05625 0.10625
2 0.79453125 0.85078125 0.0609375 0.0890625
2 0.75 0.521875 0.075 0.090625
0 0.8125 0.34296875 0.08125 0.1171875
0 0.6578125 0.2875 0.065625 0.09375
0 0.41015625 0.50390625 0.0796875 0.0953125
0 0.4421875 0.6 0.0875 0.125
0 0.79765625 0.60390625 0.0890625 0.1140625
0 0.775 0.4828125 0.053125 0.04375
0 0.603125 0.34296875 0.075 0.034375
0 0.44140625 0.70390625 0.0953125 0.0796875
0 0.79296875 0.81328125 0.0734375 0.0953125