3 0.4890625 0.5 0.978125 1
2 0.73984375 0.50390625 0.0890625 0.16875
2 0.5375 0.61328125 0.1 0.1484375
2 0.60625 0.47734375 0.0875 0.1328125
2 0.5140625 0.90625 0.09375 0.15
2 0.62734375 0.20390625 0.1078125 0.1359375
2 0.428125 0.3609375 0.115625 0.109375
2 0.42734375 0.10625 0.0859375 0.140625
2 0.325 0.290625 0.071875 0.128125
2 0.38125 0.5765625 0.0625 0.096875
2 0.3296875 0.54921875 0.06875 0.0953125
2 0.271875 0.78984375 0.075 0.1046875
2 0.2203125 0.925 0.065625 0.1125
2 0.1421875 0.8671875 0.05 0.096875
2 0.12890625 0.678125 0.0546875 0.09375
2 0.16328125 0.51171875 0.0265625 0.09375
2 0.0484375 0.56796875 0.053125 0.0859375
2 0.096875 0.4171875 0.06875 0.08125
2 0.1203125 0.32734375 0.065625 0.084375
2 0.11875 0.20625 0.065625 0.1
2 0.246875 0.05703125 0.06875 0.103125
2 0.1625 0.0328125 0.09375 0.065625
2 0.18515625 0.275 0.05625 0.10625
2 0.20546875 0.14921875 0.0609375 0.0890625
2 0.25 0.478125 0.075 0.090625
0 0.1875 0.65703125 0.08125 0.1171875
0 0.3421875 0.7125 0.065625 0.09375
0 0.58984375 0.49609375 0.0796875 0.0953125
0 0.5578125 0.4 0.0875 0.125
0 0.20234375 0.39609375 0.0890625 0.1140625
0 0.225 0.5171875 0.053125 0.04375
0 0.396875 0.65703125 0.075 0.034375
0 0.55859375 0.29609375 0.0953125 0.0796875
0 0.20703125 0.18671875 0.0734375 0.0953125