2 0.2703125 0.1078125 0.19609375 0.1328125
2 0.753125 0.321875 0.27890625 0.1578125
2 0.44453125 0.2484375 0.2546875 0.14453125
2 0.49453125 0.38671875 0.25 0.196875
2 0.2421875 0.5109375 0.3359375 0.2171875
2 0.196875 0.26640625 0.2484375 0.16328125
2 0.075 0.3890625 0.1453125 0.17109375
2 0.82890625 0.55234375 0.31015625 0.2765625
2 0.78515625 0.90703125 0.4140625 0.1859375
2 0.51484375 0.69921875 0.33046875 0.2890625
2 0.2375 0.77890625 0.3734375 0.25546875
2 0.3578125 0.934375 0.3828125 0.13125
3 0.5 0.5 1 1