3 0.5 0.3765625 1 0.384375
0 0.98984375 0.49375 0.0171875 0.05
0 0.96875 0.465625 0.034375 0.040625
0 0.95 0.52578125 0.046875 0.0390625
0 0.92421875 0.48046875 0.040625 0.0640625
0 0.89453125 0.425 0.090625 0.05
0 0.978125 0.42265625 0.04375 0.0390625
0 0.975 0.378125 0.04375 0.046875
0 0.97734375 0.3109375 0.0453125 0.084375
0 0.921875 0.3234375 0.0625 0.053125
0 0.85703125 0.33984375 0.0359375 0.0484375
0 0.8578125 0.26953125 0.09375 0.0734375
0 0.78203125 0.30859375 0.0359375 0.1140625
0 0.8203125 0.34921875 0.034375 0.03125
0 0.8671875 0.4703125 0.040625 0.025
0 0.80078125 0.5078125 0.0375 0.0875
0 0.771875 0.509375 0.059375 0.0375
0 0.6765625 0.2640625 0.028125 0.03125
0 0.61640625 0.2734375 0.0265625 0.028125
0 0.70625 0.4796875 0.09375 0.028125
0 0.77109375 0.4703125 0.0296875 0.046875
0 0.815625 0.40078125 0.090625 0.0453125
0 0.82578125 0.44609375 0.0421875 0.0390625
0 0.73984375 0.41171875 0.0578125 0.034375
0 0.684375 0.45078125 0.046875 0.040625
0 0.6921875 0.41015625 0.028125 0.01875
0 0.7390625 0.32734375 0.075 0.0453125
0 0.68046875 0.35859375 0.0390625 0.0578125
0 0.65390625 0.39921875 0.0796875 0.0328125
0 0.60625 0.3625 0.053125 0.0375
0 0.590625 0.39140625 0.01875 0.028125
0 0.55390625 0.3859375 0.0234375 0.040625
0 0.55234375 0.3390625 0.0890625 0.059375
0 0.4828125 0.35 0.04375 0.03125
0 0.521875 0.28984375 0.05 0.0671875
0 0.49375 0.31640625 0.059375 0.0296875
0 0.446875 0.3328125 0.0375 0.05
0 0.42421875 0.278125 0.0359375 0.0375
0 0.4140625 0.37578125 0.040625 0.0359375
0 0.425 0.41015625 0.0375 0.0203125
0 0.4484375 0.4875 0.03125 0.04375
0 0.38203125 0.48125 0.0484375 0.040625
0 0.55390625 0.559375 0.0296875 0.01875
0 0.6828125 0.5578125 0.053125 0.015625
0 0.421875 0.54921875 0.04375 0.0109375
0 0.2203125 0.5625 0.046875 0.0375
0 0.10234375 0.540625 0.0375 0.021875
0 0.178125 0.47734375 0.03125 0.0796875
0 0.25625 0.50859375 0.08125 0.0296875
0 0.4984375 0.4546875 0.059375 0.028125
0 0.5484375 0.43359375 0.04375 0.0453125
0 0.48984375 0.42734375 0.034375 0.040625
0 0.42578125 0.41015625 0.0390625 0.021875
0 0.1578125 0.4984375 0.034375 0.078125
0 0.01484375 0.49375 0.0296875 0.0375
0 0.09921875 0.3890625 0.0453125 0.078125
0 0.0078125 0.37421875 0.015625 0.0640625
0 0.0484375 0.3890625 0.03125 0.021875
0 0.2109375 0.46171875 0.046875 0.0734375
0 0.24296875 0.45703125 0.025 0.034375
0 0.2515625 0.40078125 0.05 0.0265625
0 0.2109375 0.41171875 0.046875 0.0703125
0 0.15859375 0.3796875 0.0578125 0.053125
0 0.20859375 0.35546875 0.0453125 0.05625
0 0.25 0.3484375 0.05 0.0625
0 0.31328125 0.32890625 0.0734375 0.06875
0 0.16875 0.309375 0.05625 0.059375
0 0.11171875 0.31796875 0.0578125 0.0921875
0 0.3765625 0.33671875 0.053125 0.0359375
0 0.36875 0.37890625 0.03125 0.0453125
0 0.07265625 0.26484375 0.0578125 0.0546875
0 0.0578125 0.31171875 0.0421875 0.0515625
0 0.0203125 0.26953125 0.040625 0.0765625
0 0.0109375 0.2046875 0.021875 0.034375