3 0.6234375 0.5 0.384375 1
0 0.50625 0.98984375 0.05 0.0171875
0 0.534375 0.96875 0.040625 0.034375
0 0.47421875 0.95 0.0390625 0.046875
0 0.51953125 0.92421875 0.0640625 0.040625
0 0.575 0.89453125 0.05 0.090625
0 0.57734375 0.978125 0.0390625 0.04375
0 0.621875 0.975 0.046875 0.04375
0 0.6890625 0.97734375 0.084375 0.0453125
0 0.6765625 0.921875 0.053125 0.0625
0 0.66015625 0.85703125 0.0484375 0.0359375
0 0.73046875 0.8578125 0.0734375 0.09375
0 0.69140625 0.78203125 0.1140625 0.0359375
0 0.65078125 0.8203125 0.03125 0.034375
0 0.5296875 0.8671875 0.025 0.040625
0 0.4921875 0.80078125 0.0875 0.0375
0 0.490625 0.771875 0.0375 0.059375
0 0.7359375 0.6765625 0.03125 0.028125
0 0.7265625 0.61640625 0.028125 0.0265625
0 0.5203125 0.70625 0.028125 0.09375
0 0.5296875 0.77109375 0.046875 0.0296875
0 0.59921875 0.815625 0.0453125 0.090625
0 0.55390625 0.82578125 0.0390625 0.0421875
0 0.58828125 0.73984375 0.034375 0.0578125
0 0.54921875 0.684375 0.040625 0.046875
0 0.58984375 0.6921875 0.01875 0.028125
0 0.67265625 0.7390625 0.0453125 0.075
0 0.64140625 0.68046875 0.0578125 0.0390625
0 0.60078125 0.65390625 0.0328125 0.0796875
0 0.6375 0.60625 0.0375 0.053125
0 0.60859375 0.590625 0.028125 0.01875
0 0.6140625 0.55390625 0.040625 0.0234375
0 0.6609375 0.55234375 0.059375 0.0890625
0 0.65 0.4828125 0.03125 0.04375
0 0.71015625 0.521875 0.0671875 0.05
0 0.68359375 0.49375 0.0296875 0.059375
0 0.6671875 0.446875 0.05 0.0375
0 0.721875 0.42421875 0.0375 0.0359375
0 0.62421875 0.4140625 0.0359375 0.040625
0 0.58984375 0.425 0.0203125 0.0375
0 0.5125 0.4484375 0.04375 0.03125
0 0.51875 0.38203125 0.040625 0.0484375
0 0.440625 0.55390625 0.01875 0.0296875
0 0.4421875 0.6828125 0.015625 0.053125
0 0.45078125 0.421875 0.0109375 0.04375
0 0.4375 0.2203125 0.0375 0.046875
0 0.459375 0.10234375 0.021875 0.0375
0 0.52265625 0.178125 0.0796875 0.03125
0 0.49140625 0.25625 0.0296875 0.08125
0 0.5453125 0.4984375 0.028125 0.059375
0 0.56640625 0.5484375 0.0453125 0.04375
0 0.57265625 0.48984375 0.040625 0.034375
0 0.58984375 0.42578125 0.021875 0.0390625
0 0.5015625 0.1578125 0.078125 0.034375
0 0.50625 0.01484375 0.0375 0.0296875
0 0.6109375 0.09921875 0.078125 0.0453125
0 0.62578125 0.0078125 0.0640625 0.015625
0 0.6109375 0.0484375 0.021875 0.03125
0 0.53828125 0.2109375 0.0734375 0.046875
0 0.54296875 0.24296875 0.034375 0.025
0 0.59921875 0.2515625 0.0265625 0.05
0 0.58828125 0.2109375 0.0703125 0.046875
0 0.6203125 0.15859375 0.053125 0.0578125
0 0.64453125 0.20859375 0.05625 0.0453125
0 0.6515625 0.25 0.0625 0.05
0 0.67109375 0.31328125 0.06875 0.0734375
0 0.690625 0.16875 0.059375 0.05625
0 0.68203125 0.11171875 0.0921875 0.0578125
0 0.66328125 0.3765625 0.0359375 0.053125
0 0.62109375 0.36875 0.0453125 0.03125
0 0.73515625 0.07265625 0.0546875 0.0578125
0 0.68828125 0.0578125 0.0515625 0.040625
0 0.73046875 0.0203125 0.0765625 0.040625
0 0.7953125 0.0109375 0.034375 0.021875