3 0.5 0.6234375 1 0.38359375
0 0.01015625 0.50625 0.01796875 0.05078125
0 0.03125 0.534375 0.034375 0.04140625
0 0.05 0.47421875 0.04765625 0.0390625
0 0.07578125 0.51953125 0.040625 0.06328125
0 0.10546875 0.575 0.090625 0.05
0 0.021875 0.57734375 0.04375 0.03828125
0 0.025 0.621875 0.04375 0.04765625
0 0.02265625 0.6890625 0.0453125 0.0859375
0 0.078125 0.6765625 0.0609375 0.05390625
0 0.14296875 0.66015625 0.03671875 0.04765625
0 0.1421875 0.73046875 0.09296875 0.07265625
0 0.21796875 0.69140625 0.03671875 0.11328125
0 0.1796875 0.65078125 0.03515625 0.03125
0 0.1328125 0.5296875 0.040625 0.02578125
0 0.19921875 0.4921875 0.0375 0.08828125
0 0.228125 0.490625 0.05859375 0.0359375
0 0.3234375 0.7359375 0.02890625 0.03125
0 0.38359375 0.7265625 0.02578125 0.0296875
0 0.29375 0.5203125 0.0921875 0.0265625
0 0.22890625 0.5296875 0.0296875 0.0484375
0 0.184375 0.59921875 0.08984375 0.0453125
0 0.17421875 0.55390625 0.04296875 0.03828125
0 0.26015625 0.58828125 0.05703125 0.034375
0 0.315625 0.54921875 0.04765625 0.040625
0 0.3078125 0.58984375 0.028125 0.01875
0 0.2609375 0.67265625 0.075 0.04609375
0 0.31953125 0.64140625 0.0390625 0.05859375
0 0.34609375 0.60078125 0.07890625 0.0328125
0 0.39375 0.6375 0.053125 0.0375
0 0.409375 0.60859375 0.01953125 0.028125
0 0.44609375 0.6140625 0.02421875 0.0421875
0 0.44765625 0.6609375 0.08984375 0.059375
0 0.5171875 0.65 0.04296875 0.0296875
0 0.478125 0.71015625 0.04921875 0.0671875
0 0.50625 0.68359375 0.06015625 0.0296875
0 0.553125 0.6671875 0.0390625 0.05078125
0 0.57578125 0.721875 0.03515625 0.0375
0 0.5859375 0.62421875 0.0421875 0.03515625
0 0.575 0.58984375 0.0375 0.02109375
0 0.5515625 0.5125 0.03125 0.0453125
0 0.61796875 0.51875 0.0484375 0.040625
0 0.44609375 0.440625 0.03046875 0.01953125
0 0.3171875 0.4421875 0.0515625 0.01640625
0 0.578125 0.45078125 0.04375 0.01171875
0 0.7796875 0.4375 0.0484375 0.03671875
0 0.89765625 0.459375 0.0375 0.02109375
0 0.821875 0.52265625 0.0296875 0.0796875
0 0.74375 0.49140625 0.08203125 0.0296875
0 0.5015625 0.5453125 0.0609375 0.028125
0 0.4515625 0.56640625 0.04375 0.04609375
0 0.51015625 0.57265625 0.034375 0.040625
0 0.57421875 0.58984375 0.0390625 0.021875
0 0.8421875 0.5015625 0.0359375 0.07890625
0 0.98515625 0.50625 0.02890625 0.03671875
0 0.90078125 0.6109375 0.04453125 0.07734375
0 0.9921875 0.62578125 0.015625 0.0640625
0 0.9515625 0.6109375 0.03046875 0.02109375
0 0.7890625 0.53828125 0.0484375 0.07421875
0 0.75703125 0.54296875 0.025 0.034375
0 0.7484375 0.59921875 0.05 0.02578125
0 0.7890625 0.58828125 0.04765625 0.0703125
0 0.84140625 0.6203125 0.05703125 0.053125
0 0.79140625 0.64453125 0.04453125 0.05625
0 0.75 0.6515625 0.0484375 0.0625
0 0.68671875 0.67109375 0.07421875 0.06875
0 0.83125 0.690625 0.05703125 0.05859375
0 0.88828125 0.68203125 0.0578125 0.09140625
0 0.6234375 0.66328125 0.05390625 0.03671875
0 0.63125 0.62109375 0.03203125 0.04453125
0 0.92734375 0.73515625 0.05859375 0.05546875
0 0.9421875 0.68828125 0.0421875 0.05234375
0 0.9796875 0.73046875 0.03984375 0.0765625
0 0.9890625 0.7953125 0.021875 0.03515625