3 0.5 0.5 1 1
2 0.08203125 0.15703125 0.1640625 0.1609375
2 0.26953125 0.2453125 0.221875 0.20703125
2 0.14140625 0.06171875 0.15234375 0.109375
2 0.4765625 0.08359375 0.253125 0.16640625
2 0.740625 0.13359375 0.1734375 0.1625
2 0.84375 0.05625 0.24375 0.1125
2 0.4734375 0.4546875 0.134375 0.23984375
2 0.25 0.56953125 0.24765625 0.24453125
2 0.31015625 0.87109375 0.25 0.25703125
2 0.62734375 0.7890625 0.28125 0.24375
2 0.765625 0.540625 0.27890625 0.2125
2 0.940625 0.57421875 0.11875 0.25390625
2 0.87890625 0.334375 0.2421875 0.16796875
2 0.965625 0.06484375 0.06875 0.12421875