3 0.5 0.5 1 1
2 0.15703125 0.91796875 0.1609375 0.1640625
2 0.2453125 0.73046875 0.20625 0.221875
2 0.06171875 0.85859375 0.109375 0.1515625
2 0.08359375 0.5234375 0.1671875 0.253125
2 0.13359375 0.259375 0.1625 0.175
2 0.05625 0.15625 0.1125 0.24375
2 0.4546875 0.5265625 0.240625 0.134375
2 0.56953125 0.75 0.2453125 0.246875
2 0.87109375 0.68984375 0.2578125 0.25
2 0.7890625 0.37265625 0.24375 0.28125
2 0.540625 0.234375 0.2125 0.278125
2 0.57421875 0.059375 0.2546875 0.11875
2 0.334375 0.12109375 0.16875 0.2421875
2 0.06484375 0.034375 0.1234375 0.06875