3 0.5 0.5 1 1
2 0.84296875 0.08203125 0.1609375 0.1640625
2 0.7546875 0.26953125 0.20625 0.221875
2 0.93828125 0.14140625 0.109375 0.1515625
2 0.91640625 0.4765625 0.1671875 0.253125
2 0.86640625 0.740625 0.1625 0.175
2 0.94375 0.84375 0.1125 0.24375
2 0.5453125 0.4734375 0.240625 0.134375
2 0.43046875 0.25 0.2453125 0.246875
2 0.12890625 0.31015625 0.2578125 0.25
2 0.2109375 0.62734375 0.24375 0.28125
2 0.459375 0.765625 0.2125 0.278125
2 0.42578125 0.940625 0.2546875 0.11875
2 0.665625 0.87890625 0.16875 0.2421875
2 0.93515625 0.965625 0.1234375 0.06875