3 0.5 0.54296875 1 0.63828125
0 0.16875 0.31796875 0.1171875 0.07109375
0 0.09921875 0.396875 0.06328125 0.0515625
0 0.2375 0.4140625 0.08671875 0.0640625
0 0.146875 0.4109375 0.1015625 0.05
0 0.3015625 0.4859375 0.10234375 0.11171875
0 0.29921875 0.56484375 0.03828125 0.05
0 0.39765625 0.496875 0.096875 0.12421875
0 0.65546875 0.50859375 0.11484375 0.07734375
0 0.58203125 0.42578125 0.09296875 0.06953125
0 0.65546875 0.39375 0.02890625 0.02109375
0 0.753125 0.39921875 0.15078125 0.078125
0 0.78046875 0.51953125 0.159375 0.06640625
0 0.97734375 0.55234375 0.0453125 0.0703125
0 0.90078125 0.42734375 0.03828125 0.04140625
0 0.44296875 0.29375 0.0921875 0.03515625
0 0.48046875 0.2703125 0.053125 0.04140625
0 0.5703125 0.3171875 0.0546875 0.03828125
0 0.7234375 0.32109375 0.07109375 0.04453125
0 0.89296875 0.3140625 0.1265625 0.0484375
0 0.60234375 0.34765625 0.103125 0.06953125
0 0.778125 0.26953125 0.05234375 0.03671875
0 0.95703125 0.41875 0.0859375 0.075
0 0.640625 0.30234375 0.08515625 0.05
0 0.690625 0.7 0.08515625 0.1671875
0 0.4703125 0.50390625 0.0578125 0.04453125
1 0.4484375 0.38046875 0.05234375 0.03359375
1 0.45078125 0.36953125 0.0375 0.05546875
1 0.44296875 0.409375 0.1078125 0.05
1 0.5390625 0.63046875 0.078125 0.0984375
1 0.6125 0.6890625 0.04765625 0.05
1 0.63984375 0.76328125 0.06875 0.04453125
1 0.975 0.4203125 0.04765625 0.06796875
1 0.6953125 0.45703125 0.08515625 0.0265625
1 0.784375 0.471875 0.03125 0.03359375
1 0.565625 0.553125 0.06953125 0.034375