3 0.54296875 0.5 0.6390625 1
0 0.31796875 0.83125 0.0703125 0.11875
0 0.396875 0.90078125 0.05 0.0640625
0 0.4140625 0.7625 0.065625 0.0875
0 0.4109375 0.853125 0.05 0.1
0 0.4859375 0.6984375 0.1125 0.103125
0 0.56484375 0.70078125 0.05 0.0390625
0 0.496875 0.60234375 0.125 0.096875
0 0.50859375 0.34453125 0.0765625 0.1140625
0 0.42578125 0.41796875 0.0703125 0.0921875
0 0.39375 0.34453125 0.021875 0.0296875
0 0.39921875 0.246875 0.078125 0.15
0 0.51953125 0.21953125 0.0671875 0.159375
0 0.55234375 0.02265625 0.0703125 0.0453125
0 0.42734375 0.09921875 0.0421875 0.0390625
0 0.29375 0.55703125 0.034375 0.0921875
0 0.2703125 0.51953125 0.040625 0.053125
0 0.3171875 0.4296875 0.0375 0.053125
0 0.32109375 0.2765625 0.0453125 0.071875
0 0.3140625 0.10703125 0.046875 0.1265625
0 0.34765625 0.39765625 0.0703125 0.103125
0 0.26953125 0.221875 0.0359375 0.053125
0 0.41875 0.04296875 0.075 0.0859375
0 0.30234375 0.359375 0.05 0.084375
0 0.7 0.309375 0.16875 0.084375
0 0.50390625 0.5296875 0.0453125 0.059375
1 0.38046875 0.5515625 0.0328125 0.053125
1 0.36953125 0.54921875 0.0546875 0.0375
1 0.409375 0.55703125 0.05 0.1078125
1 0.63046875 0.4609375 0.0984375 0.078125
1 0.6890625 0.3875 0.05 0.046875
1 0.76328125 0.36015625 0.0453125 0.06875
1 0.4203125 0.025 0.06875 0.046875
1 0.45703125 0.3046875 0.0265625 0.084375
1 0.471875 0.215625 0.034375 0.03125
1 0.553125 0.434375 0.034375 0.06875