3 0.47734375 0.5109375 0.9546875 0.86875
3 0.77578125 0.70703125 0.44765625 0.53203125
0 0.23359375 0.246875 0.04609375 0.05
0 0.1765625 0.38046875 0.05546875 0.08203125
0 0.23515625 0.34375 0.05 0.04140625
0 0.259375 0.4421875 0.05 0.04140625
0 0.17265625 0.5296875 0.06953125 0.05703125
0 0.3765625 0.45859375 0.0859375 0.05390625
0 0.37421875 0.64609375 0.06875 0.071875
0 0.30390625 0.36953125 0.0703125 0.04609375
0 0.3546875 0.20859375 0.0421875 0.04921875
0 0.45234375 0.19296875 0.02421875 0.03203125
0 0.721875 0.32578125 0.04921875 0.0484375
0 0.915625 0.6203125 0.1109375 0.103125