3 0.4890625 0.47734375 0.86875 0.9546875
3 0.29296875 0.77578125 0.5328125 0.4484375
0 0.753125 0.23359375 0.05 0.0453125
0 0.61953125 0.1765625 0.0828125 0.05625
0 0.65625 0.23515625 0.040625 0.05
0 0.5578125 0.259375 0.040625 0.05
0 0.4703125 0.17265625 0.05625 0.0703125
0 0.54140625 0.3765625 0.0546875 0.084375
0 0.35390625 0.37421875 0.071875 0.06875
0 0.63046875 0.30390625 0.0453125 0.0703125
0 0.79140625 0.3546875 0.0484375 0.040625
0 0.80703125 0.45234375 0.0328125 0.0234375
0 0.67421875 0.721875 0.0484375 0.05
0 0.3796875 0.915625 0.103125 0.1125