2 0.40859375 0.38671875 0.0734375 0.0453125
2 0.3640625 0.35 0.07734375 0.0484375
2 0.27578125 0.30234375 0.07734375 0.065625
2 0.21796875 0.36875 0.096875 0.1046875
2 0.3109375 0.4265625 0.07265625 0.059375
2 0.3875 0.43515625 0.07109375 0.05390625
2 0.17421875 0.484375 0.08359375 0.06875
2 0.26796875 0.5296875 0.0875 0.07578125
2 0.36796875 0.51484375 0.07578125 0.053125
2 0.459375 0.48203125 0.08125 0.0640625
2 0.54375 0.49453125 0.08515625 0.0671875
2 0.2828125 0.67265625 0.09296875 0.06953125
2 0.2375 0.61328125 0.09296875 0.05859375
2 0.40625 0.58515625 0.0921875 0.0921875
2 0.503125 0.58125 0.09375 0.096875
2 0.5890625 0.5859375 0.08671875 0.0734375
2 0.65703125 0.65546875 0.10078125 0.0703125
2 0.68671875 0.72578125 0.08984375 0.07734375
2 0.5671875 0.68125 0.0984375 0.078125
2 0.55390625 0.77265625 0.096875 0.08125
2 0.46015625 0.7328125 0.07578125 0.0890625
3 0.50078125 0.53203125 0.9265625 0.759375