2 0.38671875 0.59140625 0.0453125 0.0734375
2 0.35 0.6359375 0.05 0.078125
2 0.30234375 0.72421875 0.065625 0.0765625
2 0.36875 0.78203125 0.10625 0.096875
2 0.4265625 0.6890625 0.059375 0.071875
2 0.43515625 0.6125 0.0546875 0.071875
2 0.484375 0.82578125 0.06875 0.0828125
2 0.5296875 0.73203125 0.075 0.0875
2 0.51484375 0.63203125 0.053125 0.0765625
2 0.48203125 0.540625 0.0640625 0.08125
2 0.49453125 0.45625 0.0671875 0.084375
2 0.67265625 0.7171875 0.0703125 0.09375
2 0.61328125 0.7625 0.0578125 0.09375
2 0.58515625 0.59375 0.0921875 0.09375
2 0.58125 0.496875 0.096875 0.09375
2 0.5859375 0.4109375 0.071875 0.0875
2 0.65546875 0.34296875 0.0703125 0.1015625
2 0.72578125 0.31328125 0.0765625 0.0890625
2 0.68125 0.4328125 0.078125 0.096875
2 0.77265625 0.44609375 0.08125 0.096875
2 0.7328125 0.53984375 0.090625 0.0765625
3 0.53203125 0.49921875 0.759375 0.9265625