2 0.59140625 0.61328125 0.0734375 0.0453125
2 0.6359375 0.65 0.078125 0.05
2 0.72421875 0.69765625 0.0765625 0.065625
2 0.78203125 0.63125 0.096875 0.10625
2 0.6890625 0.5734375 0.071875 0.059375
2 0.6125 0.56484375 0.071875 0.0546875
2 0.82578125 0.515625 0.0828125 0.06875
2 0.73203125 0.4703125 0.0875 0.075
2 0.63203125 0.48515625 0.0765625 0.053125
2 0.540625 0.51796875 0.08125 0.0640625
2 0.45625 0.50546875 0.084375 0.0671875
2 0.7171875 0.32734375 0.09375 0.0703125
2 0.7625 0.38671875 0.09375 0.0578125
2 0.59375 0.41484375 0.09375 0.0921875
2 0.496875 0.41875 0.09375 0.096875
2 0.4109375 0.4140625 0.0875 0.071875
2 0.34296875 0.34453125 0.1015625 0.0703125
2 0.31328125 0.27421875 0.0890625 0.0765625
2 0.4328125 0.31875 0.0984375 0.078125
2 0.44609375 0.22734375 0.096875 0.08125
2 0.53984375 0.2671875 0.0765625 0.090625
3 0.49921875 0.46796875 0.9265625 0.759375