0 0.33359375 0.51015625 0.43203125 0.15546875
0 0.4734375 0.77734375 0.06953125 0.25078125
0 0.2546875 0.77578125 0.1453125 0.0546875
0 0.08984375 0.8171875 0.1796875 0.06171875
0 0.68828125 0.90234375 0.25078125 0.1171875
0 0.92890625 0.82265625 0.1421875 0.3046875
0 0.73515625 0.51171875 0.25234375 0.090625
0 0.75546875 0.2078125 0.15078125 0.1296875
0 0.9421875 0.20625 0.11484375 0.11484375
0 0.42734375 0.3 0.05234375 0.0734375
0 0.5640625 0.3265625 0.04609375 0.0671875
3 0.50078125 0.5 0.9984375 1