3 0.49296875 0.48125 0.91640625 0.9625
0 0.41953125 0.56796875 0.090625 0.1546875
0 0.4859375 0.5140625 0.0515625 0.06796875
0 0.4234375 0.31796875 0.065625 0.09921875
0 0.51875 0.3625 0.05859375 0.096875
0 0.6078125 0.2890625 0.1171875 0.11328125
0 0.6765625 0.38203125 0.0546875 0.04296875
0 0.65546875 0.46015625 0.0828125 0.06328125
0 0.5296875 0.48515625 0.078125 0.09921875
0 0.60234375 0.48671875 0.0453125 0.03828125
0 0.63125 0.54609375 0.10625 0.06015625
0 0.8046875 0.296875 0.0546875 0.0796875
0 0.7171875 0.2921875 0.10703125 0.090625
0 0.35 0.25859375 0.16484375 0.07265625
0 0.44296875 0.1828125 0.03984375 0.1046875
0 0.50234375 0.11484375 0.084375 0.16015625
0 0.515625 0.25390625 0.0703125 0.06953125
0 0.46953125 0.59453125 0.02890625 0.02734375
0 0.4875 0.64453125 0.04453125 0.0546875
0 0.21640625 0.35703125 0.03984375 0.046875
0 0.165625 0.24765625 0.0296875 0.053125
0 0.20078125 0.265625 0.0375 0.06640625
0 0.3078125 0.14765625 0.02421875 0.03203125
0 0.3515625 0.15625 0.02734375 0.046875
0 0.31640625 0.19296875 0.0109375 0.028125
0 0.3328125 0.35390625 0.084375 0.1078125
0 0.2828125 0.42421875 0.07265625 0.0390625
0 0.34765625 0.49296875 0.0546875 0.05234375
0 0.359375 0.43046875 0.0328125 0.0484375
0 0.73515625 0.509375 0.0578125 0.04140625