3 0.48125 0.50703125 0.9625 0.9171875
0 0.56796875 0.58046875 0.1546875 0.090625
0 0.5140625 0.5140625 0.06875 0.053125
0 0.31796875 0.5765625 0.0984375 0.065625
0 0.3625 0.48125 0.096875 0.059375
0 0.2890625 0.3921875 0.1125 0.115625
0 0.38203125 0.3234375 0.0421875 0.053125
0 0.46015625 0.34453125 0.0640625 0.0828125
0 0.48515625 0.4703125 0.0984375 0.078125
0 0.48671875 0.39765625 0.0390625 0.0453125
0 0.54609375 0.36875 0.0609375 0.10625
0 0.296875 0.1953125 0.08125 0.053125
0 0.2921875 0.2828125 0.090625 0.10625
0 0.25859375 0.65 0.0734375 0.165625
0 0.1828125 0.55703125 0.103125 0.0390625
0 0.11484375 0.49765625 0.1609375 0.084375
0 0.25390625 0.484375 0.0703125 0.06875
0 0.59453125 0.53046875 0.0265625 0.0296875
0 0.64453125 0.5125 0.0546875 0.04375
0 0.35703125 0.78359375 0.046875 0.0390625
0 0.24765625 0.834375 0.053125 0.03125
0 0.265625 0.79921875 0.065625 0.0375
0 0.14765625 0.6921875 0.0328125 0.025
0 0.15625 0.6484375 0.046875 0.028125
0 0.19296875 0.68359375 0.028125 0.0109375
0 0.35390625 0.6671875 0.1078125 0.084375
0 0.42421875 0.7171875 0.0390625 0.071875
0 0.49296875 0.65234375 0.0515625 0.0546875
0 0.43046875 0.640625 0.0484375 0.03125
0 0.509375 0.26484375 0.040625 0.0578125