3 0.5 0.5 1 1
1 0.03671875 0.7078125 0.0734375 0.15234375
1 0.2625 0.70078125 0.1046875 0.0859375
1 0.3828125 0.7171875 0.06484375 0.165625
1 0.41171875 0.446875 0.09765625 0.13671875
1 0.26953125 0.26171875 0.05625 0.084375
1 0.04296875 0.2171875 0.071875 0.0828125
1 0.38359375 0.13984375 0.05703125 0.06640625
1 0.0671875 0.3109375 0.04921875 0.0609375
1 0.46875 0.04921875 0.07421875 0.08515625
1 0.67734375 0.08203125 0.07734375 0.0984375
1 0.71484375 0.05859375 0.075 0.10390625
1 0.859375 0.05390625 0.05390625 0.07265625
1 0.915625 0.03203125 0.08203125 0.0640625
1 0.921875 0.10390625 0.0765625 0.06875
1 0.8296875 0.15546875 0.065625 0.08125
1 0.77265625 0.37109375 0.10234375 0.10390625
1 0.64609375 0.471875 0.11328125 0.11015625
1 0.3375 0.73125 0.06875 0.1125