3 0.5 0.5 1 1
1 0.2921875 0.03671875 0.153125 0.0734375
1 0.29921875 0.2625 0.0859375 0.10625
1 0.2828125 0.3828125 0.165625 0.065625
1 0.553125 0.41171875 0.1375 0.0984375
1 0.73828125 0.26953125 0.084375 0.05625
1 0.7828125 0.04296875 0.084375 0.071875
1 0.86015625 0.38359375 0.0671875 0.0578125
1 0.6890625 0.0671875 0.059375 0.05
1 0.95078125 0.46875 0.0859375 0.075
1 0.91796875 0.67734375 0.0984375 0.0765625
1 0.94140625 0.71484375 0.1046875 0.075
1 0.94609375 0.859375 0.0734375 0.053125
1 0.96796875 0.915625 0.0640625 0.08125
1 0.89609375 0.921875 0.06875 0.075
1 0.84453125 0.8296875 0.08125 0.065625
1 0.62890625 0.77265625 0.1046875 0.1015625
1 0.528125 0.64609375 0.109375 0.1140625
1 0.26875 0.3375 0.1125 0.06875