3 0.49921875 0.4953125 0.9984375 0.990625
0 0.6921875 0.48671875 0.071875 0.1015625
0 0.6890625 0.4359375 0.171875 0.075
0 0.56953125 0.3171875 0.1515625 0.240625
0 0.84375 0.7328125 0.071875 0.15
0 0.81484375 0.69453125 0.190625 0.065625
0 0.75234375 0.6609375 0.1515625 0.11875
0 0.47578125 0.5828125 0.1671875 0.178125
0 0.496875 0.72578125 0.165625 0.0828125
0 0.23125 0.6859375 0.096875 0.146875
0 0.42421875 0.88046875 0.0828125 0.0734375
0 0.59296875 0.8671875 0.0609375 0.090625
0 0.69140625 0.834375 0.1453125 0.08125
0 0.171875 0.55625 0.103125 0.10625
0 0.12421875 0.434375 0.2078125 0.096875