3 0.4953125 0.50078125 0.990625 0.9984375
0 0.48671875 0.3078125 0.1015625 0.071875
0 0.4359375 0.3109375 0.075 0.171875
0 0.3171875 0.43046875 0.240625 0.1515625
0 0.7328125 0.15625 0.15 0.071875
0 0.69453125 0.18515625 0.065625 0.190625
0 0.6609375 0.24765625 0.11875 0.1515625
0 0.5828125 0.52421875 0.178125 0.1671875
0 0.72578125 0.503125 0.0828125 0.165625
0 0.6859375 0.76875 0.146875 0.096875
0 0.88046875 0.57578125 0.0734375 0.0828125
0 0.8671875 0.40703125 0.090625 0.0609375
0 0.834375 0.30859375 0.08125 0.1453125
0 0.55625 0.828125 0.10625 0.103125
0 0.434375 0.87578125 0.096875 0.2078125