3 0.50078125 0.5046875 0.9984375 0.990625
0 0.3078125 0.51328125 0.07109375 0.10078125
0 0.3109375 0.5640625 0.171875 0.07578125
0 0.43046875 0.6828125 0.15078125 0.240625
0 0.15625 0.2671875 0.071875 0.14921875
0 0.18515625 0.30546875 0.190625 0.065625
0 0.24765625 0.3390625 0.15234375 0.11875
0 0.52421875 0.4171875 0.16640625 0.178125
0 0.503125 0.27421875 0.16484375 0.0828125
0 0.76875 0.3140625 0.09765625 0.1453125
0 0.57578125 0.11953125 0.0828125 0.0734375
0 0.40703125 0.1328125 0.06171875 0.09140625
0 0.30859375 0.165625 0.14453125 0.08203125
0 0.828125 0.44375 0.103125 0.1046875
0 0.87578125 0.565625 0.2078125 0.096875