3 0.5015625 0.43125 0.98125 0.5125
0 0.45703125 0.44453125 0.0359375 0.0578125
0 0.3953125 0.47265625 0.125 0.0265625
0 0.4453125 0.57109375 0.065625 0.0484375
0 0.425 0.525 0.034375 0.03125
0 0.359375 0.525 0.05 0.034375
2 0.54140625 0.40625 0.0609375 0.0375
2 0.7109375 0.4859375 0.059375 0.04375
2 0.51875 0.4546875 0.0625 0.046875
2 0.61796875 0.43046875 0.059375 0.0328125
2 0.77890625 0.48046875 0.0546875 0.0421875
2 0.60859375 0.51796875 0.0625 0.0484375
2 0.690625 0.525 0.0625 0.04375
2 0.521875 0.5546875 0.059375 0.04375
2 0.24140625 0.4765625 0.0484375 0.034375
2 0.2921875 0.384375 0.059375 0.0375