3 0.4984375 0.56875 0.98046875 0.5109375
0 0.54296875 0.55546875 0.03515625 0.0578125
0 0.6046875 0.52734375 0.12421875 0.0265625
0 0.5546875 0.42890625 0.0640625 0.0484375
0 0.575 0.475 0.03359375 0.03125
0 0.640625 0.475 0.04921875 0.03515625
2 0.45859375 0.59375 0.0609375 0.0375
2 0.2890625 0.5140625 0.0578125 0.04296875
2 0.48125 0.5453125 0.06328125 0.04609375
2 0.38203125 0.56953125 0.059375 0.03359375
2 0.22109375 0.51953125 0.05546875 0.04140625
2 0.39140625 0.48203125 0.0625 0.04921875
2 0.309375 0.475 0.06328125 0.04453125
2 0.478125 0.4453125 0.059375 0.04375
2 0.75859375 0.5234375 0.0484375 0.0359375
2 0.7078125 0.615625 0.06015625 0.0359375