3 0.56875 0.5015625 0.5125 0.98125
0 0.55546875 0.45703125 0.0578125 0.0359375
0 0.52734375 0.3953125 0.0265625 0.125
0 0.42890625 0.4453125 0.0484375 0.065625
0 0.475 0.425 0.03125 0.034375
0 0.475 0.359375 0.034375 0.05
2 0.59375 0.54140625 0.0375 0.0609375
2 0.5140625 0.7109375 0.04375 0.059375
2 0.5453125 0.51875 0.046875 0.0625
2 0.56953125 0.61796875 0.0328125 0.059375
2 0.51953125 0.77890625 0.0421875 0.0546875
2 0.48203125 0.60859375 0.0484375 0.0625
2 0.475 0.690625 0.04375 0.0625
2 0.4453125 0.521875 0.04375 0.059375
2 0.5234375 0.24140625 0.034375 0.0484375
2 0.615625 0.2921875 0.0375 0.059375