0 0.271875 0.61796875 0.171875 0.0796875
0 0.24375 0.50078125 0.078125 0.0265625
0 0.415625 0.521875 0.084375 0.046875
0 0.4734375 0.46328125 0.084375 0.0265625
0 0.5296875 0.50234375 0.065625 0.034375
0 0.7015625 0.5296875 0.08125 0.0375
0 0.95703125 0.5609375 0.0859375 0.040625
0 0.7734375 0.56875 0.0875 0.0375
0 0.53984375 0.62890625 0.0703125 0.0296875
0 0.63671875 0.70703125 0.1046875 0.0296875
0 0.67890625 0.65078125 0.096875 0.053125
0 0.875 0.7203125 0.0875 0.053125
3 0.5 0.671875 1 0.51875