3 0.484375 0.515625 0.96875 0.96875
2 0.38984375 0.82890625 0.13046875 0.15625
2 0.13046875 0.728125 0.1234375 0.14296875
2 0.2546875 0.48671875 0.10234375 0.0984375
2 0.0875 0.475 0.10546875 0.121875
2 0.17734375 0.37578125 0.10390625 0.09453125
2 0.1015625 0.28125 0.09140625 0.1046875
2 0.23125 0.16015625 0.08828125 0.0921875
2 0.4109375 0.51953125 0.07734375 0.103125
2 0.3953125 0.6171875 0.1140625 0.084375
2 0.60078125 0.840625 0.1171875 0.1359375
2 0.6875 0.55625 0.1109375 0.11171875
2 0.58046875 0.38828125 0.1 0.0875
2 0.678125 0.30390625 0.096875 0.06953125
2 0.86640625 0.36953125 0.09296875 0.084375
2 0.77734375 0.4515625 0.08515625 0.11171875
2 0.840625 0.62421875 0.05703125 0.09453125
1 0.290625 0.9296875 0.0640625 0.07578125
1 0.3 0.84375 0.04453125 0.06171875
1 0.190625 0.8296875 0.04375 0.03203125
1 0.23984375 0.81796875 0.04296875 0.05078125
1 0.315625 0.76640625 0.046875 0.0421875
1 0.534375 0.7609375 0.046875 0.05234375
1 0.3984375 0.6296875 0.0515625 0.06015625
1 0.4046875 0.56640625 0.03671875 0.0453125
1 0.35078125 0.56171875 0.05078125 0.0453125
1 0.25390625 0.67734375 0.0390625 0.03828125
1 0.22109375 0.60390625 0.04765625 0.05078125
1 0.025 0.69296875 0.04375 0.0640625
1 0.13828125 0.61328125 0.04375 0.04375
1 0.13125 0.57109375 0.0421875 0.04140625
1 0.10546875 0.5265625 0.046875 0.04375
1 0.3421875 0.51796875 0.0421875 0.03828125
1 0.64765625 0.8453125 0.0453125 0.065625
1 0.72265625 0.8859375 0.05078125 0.05703125
1 0.734375 0.796875 0.053125 0.06015625
1 0.8046875 0.78359375 0.04375 0.0453125
1 0.68828125 0.63203125 0.040625 0.06015625
1 0.60703125 0.58125 0.0390625 0.03671875
1 0.80390625 0.55 0.05703125 0.05859375
1 0.89921875 0.48203125 0.03984375 0.0421875
1 0.8375 0.43828125 0.0359375 0.04140625
1 0.71953125 0.46484375 0.05 0.0453125
1 0.66875 0.4109375 0.034375 0.0390625
1 0.05078125 0.5203125 0.03828125 0.04375
1 0.09609375 0.33125 0.040625 0.05
1 0.19765625 0.28984375 0.0328125 0.03828125
1 0.2671875 0.22890625 0.0375 0.0453125
1 0.19375 0.215625 0.03359375 0.025
1 0.30390625 0.503125 0.03671875 0.03046875
1 0.30703125 0.4390625 0.03671875 0.0328125
1 0.35078125 0.44375 0.0453125 0.0421875
1 0.52109375 0.46796875 0.0375 0.0375
1 0.50390625 0.328125 0.03046875 0.0421875
1 0.54140625 0.33125 0.0359375 0.04140625
1 0.4625 0.3546875 0.0484375 0.05078125
1 0.43984375 0.25859375 0.034375 0.04375
1 0.740625 0.33046875 0.0390625 0.03828125
1 0.7984375 0.23828125 0.03203125 0.0359375
1 0.615625 0.29140625 0.0203125 0.028125
1 0.59453125 0.2796875 0.02265625 0.025
1 0.60078125 0.2453125 0.0390625 0.0359375
1 0.646875 0.15078125 0.0328125 0.03125
1 0.61640625 0.17890625 0.0328125 0.0265625
1 0.67109375 0.2296875 0.02421875 0.0375
1 0.40234375 0.21875 0.02265625 0.03515625
1 0.4078125 0.14140625 0.0296875 0.03359375
1 0.4625 0.0859375 0.03125 0.03203125
1 0.55390625 0.08359375 0.03125 0.034375