3 0.515625 0.515625 0.96875 0.96875
2 0.82890625 0.61015625 0.15625 0.1296875
2 0.728125 0.86953125 0.14375 0.1234375
2 0.48671875 0.7453125 0.0984375 0.103125
2 0.475 0.9125 0.121875 0.10625
2 0.37578125 0.82265625 0.0953125 0.1046875
2 0.28125 0.8984375 0.10625 0.090625
2 0.16015625 0.76875 0.0921875 0.0875
2 0.51953125 0.5890625 0.103125 0.078125
2 0.6171875 0.6046875 0.084375 0.115625
2 0.840625 0.39921875 0.1375 0.1171875
2 0.55625 0.3125 0.1125 0.1125
2 0.38828125 0.41953125 0.0875 0.1
2 0.30390625 0.321875 0.0703125 0.096875
2 0.36953125 0.13359375 0.084375 0.0921875
2 0.4515625 0.22265625 0.1125 0.0859375
2 0.62421875 0.159375 0.0953125 0.05625
1 0.9296875 0.709375 0.075 0.0625
1 0.84375 0.7 0.0625 0.04375
1 0.8296875 0.809375 0.03125 0.04375
1 0.81796875 0.76015625 0.0515625 0.0421875
1 0.76640625 0.684375 0.0421875 0.046875
1 0.7609375 0.465625 0.053125 0.046875
1 0.6296875 0.6015625 0.059375 0.053125
1 0.56640625 0.5953125 0.0453125 0.0375
1 0.56171875 0.64921875 0.0453125 0.0515625
1 0.67734375 0.74609375 0.0390625 0.0390625
1 0.60390625 0.77890625 0.0515625 0.0484375
1 0.69296875 0.975 0.0640625 0.04375
1 0.61328125 0.86171875 0.04375 0.04375
1 0.57109375 0.86875 0.0421875 0.04375
1 0.5265625 0.89453125 0.04375 0.046875
1 0.51796875 0.6578125 0.0390625 0.040625
1 0.8453125 0.35234375 0.065625 0.0453125
1 0.8859375 0.27734375 0.05625 0.0515625
1 0.796875 0.265625 0.059375 0.053125
1 0.78359375 0.1953125 0.0453125 0.04375
1 0.63203125 0.31171875 0.0609375 0.040625
1 0.58125 0.39296875 0.0375 0.0390625
1 0.55 0.19609375 0.059375 0.0578125
1 0.48203125 0.10078125 0.0421875 0.0390625
1 0.43828125 0.1625 0.0421875 0.0375
1 0.46484375 0.28046875 0.0453125 0.05
1 0.4109375 0.33125 0.040625 0.034375
1 0.5203125 0.94921875 0.04375 0.0390625
1 0.33125 0.90390625 0.05 0.040625
1 0.28984375 0.80234375 0.0390625 0.0328125
1 0.22890625 0.7328125 0.0453125 0.0375
1 0.215625 0.80625 0.025 0.034375
1 0.503125 0.69609375 0.03125 0.0359375
1 0.4390625 0.69296875 0.034375 0.0359375
1 0.44375 0.64921875 0.04375 0.0453125
1 0.46796875 0.47890625 0.0375 0.0375
1 0.328125 0.49609375 0.04375 0.0296875
1 0.33125 0.45859375 0.040625 0.0359375
1 0.3546875 0.5375 0.05 0.05
1 0.25859375 0.56015625 0.04375 0.034375
1 0.33046875 0.259375 0.0390625 0.0375
1 0.23828125 0.2015625 0.0359375 0.03125
1 0.29140625 0.384375 0.028125 0.01875
1 0.2796875 0.40546875 0.025 0.0234375
1 0.2453125 0.39921875 0.034375 0.0390625
1 0.15078125 0.353125 0.03125 0.03125
1 0.17890625 0.38359375 0.0265625 0.0328125
1 0.2296875 0.32890625 0.0375 0.0234375
1 0.21875 0.59765625 0.034375 0.0234375
1 0.14140625 0.5921875 0.0328125 0.0296875
1 0.0859375 0.5375 0.03125 0.03125
1 0.08359375 0.44609375 0.034375 0.03125