3 0.5 0.5 1 1
2 0.79140625 0.34140625 0.2453125 0.175
2 0.64921875 0.77890625 0.115625 0.1109375
2 0.8578125 0.7390625 0.13125 0.115625
2 0.76484375 0.8734375 0.096875 0.115625
2 0.62734375 0.94609375 0.1109375 0.0859375
2 0.45546875 0.95546875 0.1546875 0.0765625
2 0.24140625 0.93203125 0.1265625 0.0953125
2 0.5234375 0.2546875 0.21875 0.190625
2 0.24921875 0.346875 0.1734375 0.18125
2 0.0265625 0.50625 0.053125 0.0875
2 0.209375 0.6140625 0.1875 0.128125
2 0.0703125 0.89296875 0.0875 0.078125
2 0.0234375 0.7765625 0.046875 0.103125
2 0.75 0.5890625 0.21875 0.090625
2 0.78828125 0.66484375 0.0546875 0.0609375
2 0.59140625 0.5546875 0.1421875 0.078125
2 0.5796875 0.51171875 0.10625 0.0609375
1 0.6734375 0.509375 0.065625 0.0625
1 0.665625 0.4484375 0.08125 0.078125
1 0.70546875 0.92734375 0.0625 0.053125
1 0.33984375 0.90390625 0.090625 0.0578125
1 0.37421875 0.8265625 0.0609375 0.06875
1 0.26875 0.8359375 0.078125 0.05
1 0.4921875 0.8734375 0.046875 0.04375
1 0.0546875 0.72890625 0.071875 0.0546875
1 0.175 0.69453125 0.065625 0.0546875
1 0.08671875 0.6640625 0.05 0.065625
1 0.08203125 0.515625 0.071875 0.06875
1 0.21953125 0.4734375 0.0890625 0.065625
1 0.4359375 0.4421875 0.034375 0.078125
1 0.28359375 0.234375 0.034375 0.075
1 0.565625 0.696875 0.0875 0.075
1 0.39375 0.6765625 0.053125 0.078125
1 0.36875 0.74375 0.06875 0.0625
1 0.29296875 0.75390625 0.0734375 0.0828125
1 0.42890625 0.58125 0.0640625 0.0625
1 0.36484375 0.5984375 0.0859375 0.078125
2 0.9265625 0.58671875 0.146875 0.1359375