3 0.5 0.5 1 1
2 0.20859375 0.65859375 0.24453125 0.175
2 0.35078125 0.22109375 0.115625 0.11171875
2 0.1421875 0.2609375 0.13125 0.115625
2 0.23515625 0.1265625 0.096875 0.1140625
2 0.37265625 0.05390625 0.11015625 0.0859375
2 0.54453125 0.04453125 0.15546875 0.07734375
2 0.75859375 0.06796875 0.1265625 0.09609375
2 0.4765625 0.7453125 0.21875 0.1921875
2 0.75078125 0.653125 0.17265625 0.18203125
2 0.9734375 0.49375 0.053125 0.08828125
2 0.790625 0.3859375 0.1875 0.1296875
2 0.9296875 0.10703125 0.08671875 0.078125
2 0.9765625 0.2234375 0.046875 0.10390625
2 0.25 0.4109375 0.2171875 0.09140625
2 0.21171875 0.33515625 0.05390625 0.06171875
2 0.40859375 0.4453125 0.14296875 0.07734375
2 0.4203125 0.48828125 0.10546875 0.06015625
1 0.3265625 0.490625 0.06640625 0.0640625
1 0.334375 0.5515625 0.08203125 0.07734375
1 0.29453125 0.07265625 0.0625 0.053125
1 0.66015625 0.09609375 0.090625 0.05703125
1 0.62578125 0.1734375 0.06171875 0.06875
1 0.73125 0.1640625 0.07734375 0.05
1 0.5078125 0.1265625 0.04765625 0.04453125
1 0.9453125 0.27109375 0.071875 0.0546875
1 0.825 0.30546875 0.065625 0.0546875
1 0.91328125 0.3359375 0.05 0.0671875
1 0.91796875 0.484375 0.071875 0.06875
1 0.78046875 0.5265625 0.0890625 0.0671875
1 0.5640625 0.5578125 0.0328125 0.07734375
1 0.71640625 0.765625 0.034375 0.07578125
1 0.434375 0.303125 0.08671875 0.0765625
1 0.60625 0.3234375 0.05234375 0.078125
1 0.63125 0.25625 0.06796875 0.0640625
1 0.70703125 0.24609375 0.0734375 0.08359375
1 0.57109375 0.41875 0.0640625 0.0640625
1 0.63515625 0.4015625 0.08515625 0.078125
2 0.0734375 0.41328125 0.146875 0.13515625