2 0.31328125 0.54296875 0.1515625 0.1375
2 0.58125 0.72890625 0.13046875 0.1453125
2 0.7734375 0.69375 0.10078125 0.16875
2 0.84296875 0.53984375 0.11328125 0.12109375
2 0.2953125 0.2796875 0.1328125 0.1171875
2 0.60546875 0.20390625 0.06015625 0.07421875
1 0.40234375 0.96484375 0.0625 0.0703125
1 0.05078125 0.4984375 0.06640625 0.06171875
1 0.2328125 0.6484375 0.06015625 0.0421875
1 0.20390625 0.3703125 0.0609375 0.05390625
1 0.49921875 0.6734375 0.03671875 0.06875
1 0.61875 0.52578125 0.04921875 0.053125
3 0.5 0.5421875 1 0.915625