2 0.40703125 0.79609375 0.07109375 0.06640625
2 0.58359375 0.7828125 0.0828125 0.065625
2 0.63046875 0.7 0.08203125 0.0609375
2 0.615625 0.621875 0.07265625 0.05703125
2 0.6140625 0.56796875 0.06953125 0.04765625
2 0.78046875 0.5671875 0.07265625 0.04765625
2 0.7140625 0.6203125 0.07109375 0.053125
2 0.790625 0.6453125 0.0796875 0.05234375
2 0.875 0.6 0.07890625 0.04921875
2 0.37421875 0.71171875 0.0828125 0.05546875
2 0.39921875 0.6171875 0.07109375 0.0515625
2 0.39453125 0.56328125 0.07109375 0.046875
2 0.3015625 0.5609375 0.071875 0.04296875
2 0.165625 0.58125 0.08515625 0.04296875
2 0.2203125 0.63671875 0.07734375 0.0546875
2 0.3140625 0.64921875 0.075 0.05234375
3 0.75234375 0.68125 0.4953125 0.378125
3 0.25625 0.6921875 0.45625 0.38671875