2 0.20390625 0.40703125 0.0671875 0.0703125
2 0.2171875 0.58359375 0.065625 0.0828125
2 0.3 0.63046875 0.0625 0.0828125
2 0.378125 0.615625 0.05625 0.071875
2 0.43203125 0.6140625 0.0484375 0.06875
2 0.4328125 0.78046875 0.046875 0.0734375
2 0.3796875 0.7140625 0.053125 0.071875
2 0.3546875 0.790625 0.053125 0.08125
2 0.4 0.875 0.05 0.078125
2 0.28828125 0.37421875 0.0546875 0.0828125
2 0.3828125 0.39921875 0.053125 0.0703125
2 0.43671875 0.39453125 0.046875 0.0703125
2 0.4390625 0.3015625 0.04375 0.071875
2 0.41875 0.165625 0.04375 0.084375
2 0.36328125 0.2203125 0.0546875 0.078125
2 0.35078125 0.3140625 0.0515625 0.075
3 0.31875 0.75234375 0.378125 0.4953125
3 0.3078125 0.25625 0.3875 0.45625