2 0.32109375 0.66796875 0.24296875 0.1265625
2 0.43125 0.49453125 0.19765625 0.16484375
2 0.66328125 0.446875 0.17734375 0.15625
2 0.86015625 0.58359375 0.215625 0.17890625
2 0.825 0.2234375 0.134375 0.1296875
2 0.64375 0.265625 0.1421875 0.11328125
2 0.53671875 0.071875 0.109375 0.084375
2 0.5140625 0.19765625 0.1296875 0.10078125
2 0.3140625 0.2125 0.140625 0.090625
2 0.21796875 0.11796875 0.1234375 0.08671875
2 0.23984375 0.3671875 0.171875 0.1375
2 0.05859375 0.36015625 0.1171875 0.1359375
3 0.5 0.5 1 1