3 0.5 0.49453125 1 0.7671875
1 0.55078125 0.2734375 0.084375 0.0875
1 0.41796875 0.33984375 0.0515625 0.0359375
1 0.29765625 0.40234375 0.078125 0.0640625
1 0.15390625 0.6265625 0.0765625 0.040625
1 0.140625 0.68828125 0.075 0.0421875
1 0.8453125 0.4609375 0.084375 0.0546875
1 0.7765625 0.7203125 0.053125 0.028125
1 0.7765625 0.5640625 0.075 0.05
1 0.57265625 0.49921875 0.0453125 0.0390625
1 0.51875 0.69453125 0.04375 0.0484375
1 0.525 0.60234375 0.05625 0.0375
1 0.3796875 0.77421875 0.065625 0.0546875
1 0.41796875 0.8171875 0.075 0.0375
1 0.4921875 0.83671875 0.078125 0.0328125
1 0.6765625 0.76328125 0.06875 0.0546875
2 0.915625 0.4609375 0.125 0.203125
2 0.54296875 0.25 0.3953125 0.18125
2 0.4515625 0.64921875 0.10625 0.1125
2 0.784375 0.78984375 0.15625 0.0953125
2 0.41484375 0.79296875 0.271875 0.1546875
2 0.10078125 0.60390625 0.1546875 0.1921875
2 0.1859375 0.41328125 0.13125 0.2203125