3 0.5 0.50546875 1 0.76796875
1 0.44921875 0.7265625 0.084375 0.08828125
1 0.58203125 0.66015625 0.05078125 0.03671875
1 0.70234375 0.59765625 0.078125 0.06484375
1 0.84609375 0.3734375 0.0765625 0.03984375
1 0.859375 0.31171875 0.0734375 0.0421875
1 0.1546875 0.5390625 0.08359375 0.0546875
1 0.2234375 0.2796875 0.0515625 0.0296875
1 0.2234375 0.4359375 0.075 0.05078125
1 0.42734375 0.50078125 0.04453125 0.03984375
1 0.48125 0.30546875 0.04375 0.0484375
1 0.475 0.39765625 0.05703125 0.0375
1 0.6203125 0.22578125 0.0671875 0.0546875
1 0.58203125 0.1828125 0.075 0.03828125
1 0.5078125 0.16328125 0.07734375 0.03359375
1 0.3234375 0.23671875 0.06796875 0.05390625
2 0.084375 0.5390625 0.125 0.20234375
2 0.45703125 0.75 0.39609375 0.18046875
2 0.5484375 0.35078125 0.10703125 0.1125
2 0.215625 0.21015625 0.15703125 0.09609375
2 0.58515625 0.20703125 0.271875 0.1546875
2 0.89921875 0.39609375 0.15390625 0.19296875
2 0.8140625 0.58671875 0.13125 0.21953125