3 0.52421875 0.49296875 0.7140625 0.8359375
0 0.37734375 0.75 0.0734375 0.0625
0 0.47265625 0.70625 0.0546875 0.05
0 0.534375 0.75078125 0.053125 0.0390625
0 0.565625 0.71484375 0.01875 0.0203125
0 0.52109375 0.71328125 0.0203125 0.0171875
0 0.4140625 0.728125 0.021875 0.021875
0 0.66640625 0.6921875 0.0890625 0.0625
0 0.61796875 0.6609375 0.0359375 0.04375
0 0.596875 0.61640625 0.0375 0.0453125
0 0.52265625 0.5640625 0.0609375 0.096875
0 0.621875 0.515625 0.05625 0.04375
0 0.696875 0.534375 0.075 0.05625
0 0.56875 0.41953125 0.1125 0.0609375
0 0.47734375 0.3046875 0.0265625 0.053125
0 0.515625 0.1890625 0.04375 0.01875
0 0.471875 0.40703125 0.01875 0.0265625
0 0.31484375 0.6578125 0.0375 0.03125
0 0.2546875 0.6875 0.01875 0.01875
0 0.2359375 0.6640625 0.015625 0.034375
0 0.26953125 0.65 0.0203125 0.01875
0 0.24140625 0.62890625 0.0328125 0.0390625
0 0.30546875 0.5984375 0.0359375 0.040625
0 0.340625 0.57578125 0.0125 0.0171875
0 0.37734375 0.60625 0.0390625 0.03125
0 0.265625 0.5484375 0.03125 0.034375
0 0.2359375 0.53671875 0.0125 0.015625
0 0.3703125 0.54140625 0.040625 0.1078125
0 0.3046875 0.43359375 0.053125 0.0671875
0 0.2328125 0.45703125 0.03125 0.0703125
0 0.290625 0.33828125 0.03125 0.0359375
0 0.33125 0.33203125 0.04375 0.03125
0 0.3859375 0.38828125 0.053125 0.0546875
0 0.36875 0.2734375 0.046875 0.05
0 0.34609375 0.25 0.0484375 0.046875
0 0.3484375 0.209375 0.025 0.025