3 0.50703125 0.52421875 0.83515625 0.7140625
0 0.25 0.37734375 0.0640625 0.07265625
0 0.29375 0.47265625 0.05078125 0.0546875
0 0.24921875 0.534375 0.0390625 0.053125
0 0.28515625 0.565625 0.02109375 0.01875
0 0.28671875 0.52109375 0.0171875 0.0203125
0 0.271875 0.4140625 0.02109375 0.02109375
0 0.3078125 0.66640625 0.06328125 0.0890625
0 0.3390625 0.61796875 0.04375 0.0359375
0 0.38359375 0.596875 0.04453125 0.0359375
0 0.4359375 0.52265625 0.0953125 0.06015625
0 0.484375 0.621875 0.04375 0.05625
0 0.465625 0.696875 0.0546875 0.07578125
0 0.58046875 0.56875 0.0609375 0.1140625
0 0.6953125 0.47734375 0.0515625 0.0265625
0 0.8109375 0.515625 0.01953125 0.04375
0 0.59296875 0.471875 0.02734375 0.01953125
0 0.3421875 0.31484375 0.03046875 0.0375
0 0.3125 0.2546875 0.01875 0.01796875
0 0.3359375 0.2359375 0.03359375 0.015625
0 0.35 0.26953125 0.0203125 0.02109375
0 0.37109375 0.24140625 0.0390625 0.0328125
0 0.4015625 0.30546875 0.04140625 0.0359375
0 0.42421875 0.340625 0.0171875 0.01328125
0 0.39375 0.37734375 0.03125 0.0390625
0 0.4515625 0.265625 0.03515625 0.03046875
0 0.46328125 0.2359375 0.015625 0.0125
0 0.45859375 0.3703125 0.1078125 0.04140625
0 0.56640625 0.3046875 0.0671875 0.05390625
0 0.54296875 0.2328125 0.0703125 0.03203125
0 0.66171875 0.290625 0.03671875 0.03125
0 0.66796875 0.33125 0.03125 0.04296875
0 0.61171875 0.3859375 0.05546875 0.053125
0 0.7265625 0.36875 0.05078125 0.046875
0 0.75 0.34609375 0.04609375 0.04921875
0 0.790625 0.3484375 0.0234375 0.02578125