3 0.49296875 0.47578125 0.8359375 0.7140625
0 0.75 0.62265625 0.0625 0.0734375
0 0.70625 0.52734375 0.05 0.0546875
0 0.75078125 0.465625 0.0390625 0.053125
0 0.71484375 0.434375 0.0203125 0.01875
0 0.71328125 0.47890625 0.0171875 0.0203125
0 0.728125 0.5859375 0.021875 0.021875
0 0.6921875 0.33359375 0.0625 0.0890625
0 0.6609375 0.38203125 0.04375 0.0359375
0 0.61640625 0.403125 0.0453125 0.0375
0 0.5640625 0.47734375 0.096875 0.0609375
0 0.515625 0.378125 0.04375 0.05625
0 0.534375 0.303125 0.05625 0.075
0 0.41953125 0.43125 0.0609375 0.1125
0 0.3046875 0.52265625 0.053125 0.0265625
0 0.1890625 0.484375 0.01875 0.04375
0 0.40703125 0.528125 0.0265625 0.01875
0 0.6578125 0.68515625 0.03125 0.0375
0 0.6875 0.7453125 0.01875 0.01875
0 0.6640625 0.7640625 0.034375 0.015625
0 0.65 0.73046875 0.01875 0.0203125
0 0.62890625 0.75859375 0.0390625 0.0328125
0 0.5984375 0.69453125 0.040625 0.0359375
0 0.57578125 0.659375 0.0171875 0.0125
0 0.60625 0.62265625 0.03125 0.0390625
0 0.5484375 0.734375 0.034375 0.03125
0 0.53671875 0.7640625 0.015625 0.0125
0 0.54140625 0.6296875 0.1078125 0.040625
0 0.43359375 0.6953125 0.0671875 0.053125
0 0.45703125 0.7671875 0.0703125 0.03125
0 0.33828125 0.709375 0.0359375 0.03125
0 0.33203125 0.66875 0.03125 0.04375
0 0.38828125 0.6140625 0.0546875 0.053125
0 0.2734375 0.63125 0.05 0.046875
0 0.25 0.65390625 0.046875 0.0484375
0 0.209375 0.6515625 0.025 0.025