3 0.5 0.5 1 1
2 0.378125 0.97890625 0.10625 0.0375
2 0.28515625 0.9859375 0.0953125 0.028125
2 0.3171875 0.9171875 0.10625 0.096875
2 0.24921875 0.8296875 0.0921875 0.10625
2 0.365625 0.83984375 0.090625 0.1140625
2 0.28203125 0.7140625 0.096875 0.103125
2 0.1078125 0.91640625 0.084375 0.090625
2 0.14765625 0.78515625 0.0859375 0.0953125
2 0.33515625 0.66484375 0.06875 0.103125
2 0.18671875 0.70703125 0.0828125 0.096875
2 0.09765625 0.7046875 0.0984375 0.09375
2 0.04140625 0.81796875 0.0703125 0.096875
2 0.13671875 0.6109375 0.0765625 0.0875
2 0.21953125 0.6234375 0.0859375 0.0875
2 0.23828125 0.50390625 0.0953125 0.0953125
2 0.3546875 0.56875 0.09375 0.0875
2 0.05 0.64765625 0.075 0.0859375
2 0.03828125 0.571875 0.0734375 0.09375