3 0.5 0.5 1 1
2 0.02109375 0.378125 0.0375 0.10703125
2 0.0140625 0.28515625 0.02734375 0.0953125
2 0.0828125 0.3171875 0.0953125 0.10625
2 0.1703125 0.24921875 0.10703125 0.09296875
2 0.16015625 0.365625 0.11328125 0.09140625
2 0.2859375 0.28203125 0.103125 0.096875
2 0.08359375 0.1078125 0.090625 0.08515625
2 0.21484375 0.14765625 0.09609375 0.08671875
2 0.33515625 0.33515625 0.103125 0.06875
2 0.29296875 0.18671875 0.096875 0.0828125
2 0.2953125 0.09765625 0.09296875 0.09765625
2 0.18203125 0.04140625 0.096875 0.0703125
2 0.3890625 0.13671875 0.0875 0.07578125
2 0.3765625 0.21953125 0.0875 0.08515625
2 0.49609375 0.23828125 0.09609375 0.0953125
2 0.43125 0.3546875 0.0890625 0.09296875
2 0.35234375 0.05 0.0859375 0.0734375
2 0.428125 0.03828125 0.0921875 0.0734375