3 0.5 0.5 1 1
2 0.621875 0.02109375 0.10625 0.0375
2 0.71484375 0.0140625 0.0953125 0.028125
2 0.6828125 0.0828125 0.10625 0.096875
2 0.75078125 0.1703125 0.0921875 0.10625
2 0.634375 0.16015625 0.090625 0.1140625
2 0.71796875 0.2859375 0.096875 0.103125
2 0.8921875 0.08359375 0.084375 0.090625
2 0.85234375 0.21484375 0.0859375 0.0953125
2 0.66484375 0.33515625 0.06875 0.103125
2 0.81328125 0.29296875 0.0828125 0.096875
2 0.90234375 0.2953125 0.0984375 0.09375
2 0.95859375 0.18203125 0.0703125 0.096875
2 0.86328125 0.3890625 0.0765625 0.0875
2 0.78046875 0.3765625 0.0859375 0.0875
2 0.76171875 0.49609375 0.0953125 0.0953125
2 0.6453125 0.43125 0.09375 0.0875
2 0.95 0.35234375 0.075 0.0859375
2 0.96171875 0.428125 0.0734375 0.09375