3 0.60234375 0.49921875 0.7953125 0.9984375
0 0.46953125 0.76640625 0.0703125 0.0984375
0 0.53046875 0.7890625 0.0796875 0.05
0 0.51796875 0.728125 0.0453125 0.0375
0 0.27578125 0.8 0.0421875 0.021875
0 0.25 0.72734375 0.05625 0.0328125
0 0.28359375 0.771875 0.046875 0.025
0 0.2625 0.609375 0.034375 0.028125
0 0.8359375 0.8796875 0.028125 0.021875
0 0.86484375 0.83359375 0.021875 0.0171875
0 0.74609375 0.79765625 0.046875 0.0609375
0 0.79609375 0.7640625 0.034375 0.034375
0 0.7921875 0.7015625 0.065625 0.0375
0 0.9078125 0.6046875 0.059375 0.053125
0 0.8734375 0.57578125 0.028125 0.01875
0 0.7515625 0.4703125 0.0375 0.021875
0 0.796875 0.45546875 0.059375 0.065625
0 0.828125 0.378125 0.046875 0.034375
0 0.88828125 0.384375 0.0296875 0.0375
0 0.8671875 0.36015625 0.084375 0.0296875
0 0.80546875 0.234375 0.0734375 0.0375
0 0.76796875 0.1515625 0.0359375 0.040625
0 0.63515625 0.1390625 0.0546875 0.053125
0 0.6078125 0.0921875 0.053125 0.040625
0 0.634375 0.284375 0.03125 0.065625
0 0.590625 0.440625 0.071875 0.05625
0 0.609375 0.53828125 0.04375 0.0453125
0 0.5640625 0.53125 0.021875 0.03125
0 0.478125 0.62109375 0.034375 0.0109375
0 0.528125 0.6703125 0.03125 0.03125
0 0.61484375 0.675 0.0203125 0.01875
0 0.6609375 0.61328125 0.03125 0.0265625
0 0.66796875 0.703125 0.0484375 0.09375
0 0.42890625 0.690625 0.0234375 0.01875
0 0.490625 0.6609375 0.01875 0.01875
0 0.28828125 0.53515625 0.0234375 0.075
0 0.4 0.56796875 0.0375 0.0734375
0 0.40078125 0.5015625 0.0390625 0.025
0 0.3671875 0.4703125 0.0375 0.028125
0 0.28359375 0.3359375 0.0390625 0.015625
0 0.4421875 0.33828125 0.065625 0.0359375
0 0.48671875 0.35859375 0.0671875 0.0390625
0 0.61796875 0.36328125 0.034375 0.0234375
0 0.46171875 0.23203125 0.025 0.0265625
0 0.5375 0.14453125 0.03125 0.0265625
0 0.828125 0.1265625 0.04375 0.08125
0 0.88671875 0.2859375 0.0421875 0.06875