3 0.50078125 0.60234375 0.9984375 0.7953125
0 0.23359375 0.46953125 0.09765625 0.06953125
0 0.2109375 0.53046875 0.05078125 0.0796875
0 0.271875 0.51796875 0.03828125 0.04609375
0 0.2 0.27578125 0.02265625 0.0421875
0 0.27265625 0.25 0.03203125 0.05546875
0 0.228125 0.28359375 0.0234375 0.046875
0 0.390625 0.2625 0.02734375 0.03359375
0 0.1203125 0.8359375 0.02265625 0.028125
0 0.16640625 0.86484375 0.01796875 0.021875
0 0.20234375 0.74609375 0.06015625 0.046875
0 0.2359375 0.79609375 0.03515625 0.034375
0 0.2984375 0.7921875 0.03828125 0.0671875
0 0.3953125 0.9078125 0.0515625 0.0578125
0 0.42421875 0.8734375 0.01875 0.02734375
0 0.5296875 0.7515625 0.0203125 0.03828125
0 0.54453125 0.796875 0.065625 0.06015625
0 0.621875 0.828125 0.03359375 0.046875
0 0.615625 0.88828125 0.0359375 0.03046875
0 0.63984375 0.8671875 0.03046875 0.08359375
0 0.765625 0.80546875 0.0359375 0.0734375
0 0.8484375 0.76796875 0.0390625 0.0359375
0 0.8609375 0.63515625 0.0546875 0.0546875
0 0.9078125 0.6078125 0.0390625 0.0515625
0 0.715625 0.634375 0.065625 0.0328125
0 0.559375 0.590625 0.05546875 0.07265625
0 0.46171875 0.609375 0.04609375 0.0453125
0 0.46875 0.5640625 0.03203125 0.0234375
0 0.37890625 0.478125 0.0109375 0.03359375
0 0.3296875 0.528125 0.03046875 0.0296875
0 0.325 0.61484375 0.01875 0.02109375
0 0.38671875 0.6609375 0.02578125 0.03203125
0 0.296875 0.66796875 0.09375 0.04921875
0 0.309375 0.42890625 0.01796875 0.02265625
0 0.3390625 0.490625 0.01953125 0.01953125
0 0.46484375 0.28828125 0.075 0.02421875
0 0.43203125 0.4 0.07421875 0.03828125
0 0.4984375 0.40078125 0.025 0.03984375
0 0.5296875 0.3671875 0.028125 0.03671875
0 0.6640625 0.28359375 0.0171875 0.03828125
0 0.66171875 0.4421875 0.03515625 0.0640625
0 0.64140625 0.48671875 0.03984375 0.06796875
0 0.63671875 0.61796875 0.02421875 0.034375
0 0.76796875 0.46171875 0.0265625 0.025
0 0.85546875 0.5375 0.02578125 0.03203125
0 0.8734375 0.828125 0.08125 0.04375
0 0.7140625 0.88671875 0.06875 0.04140625