0 0.56953125 0.578125 0.059375 0.05234375
0 0.59375 0.74140625 0.0640625 0.08828125
0 0.62109375 0.80859375 0.0296875 0.06484375
0 0.6875 0.7546875 0.04921875 0.06484375
0 0.8171875 0.77109375 0.071875 0.08359375
0 0.8234375 0.69609375 0.0484375 0.071875
0 0.7609375 0.584375 0.04375 0.08828125
0 0.81953125 0.55390625 0.05859375 0.1015625
0 0.79921875 0.59453125 0.025 0.06796875
0 0.7109375 0.4671875 0.03984375 0.04765625
3 0.6296875 0.175 0.28984375 0.2765625
3 0.29765625 0.18671875 0.3234375 0.2921875
3 0.2265625 0.6796875 0.41484375 0.5859375
3 0.7 0.65703125 0.40625 0.56328125