0 0.421875 0.56953125 0.053125 0.059375
0 0.25859375 0.59375 0.0890625 0.0625
0 0.19140625 0.62109375 0.0640625 0.0296875
0 0.2453125 0.6875 0.065625 0.05
0 0.22890625 0.8171875 0.0828125 0.071875
0 0.30390625 0.8234375 0.071875 0.046875
0 0.415625 0.7609375 0.0875 0.04375
0 0.44609375 0.81953125 0.1015625 0.0578125
0 0.40546875 0.79921875 0.0671875 0.025
0 0.5328125 0.7109375 0.046875 0.040625
3 0.825 0.6296875 0.275 0.290625
3 0.81328125 0.29765625 0.2921875 0.3234375
3 0.3203125 0.2265625 0.584375 0.415625
3 0.34296875 0.7 0.5640625 0.40625