1 0.06484375 0.5453125 0.10546875 0.1328125
1 0.55078125 0.34296875 0.0984375 0.09609375
1 0.56015625 0.675 0.0765625 0.1046875
1 0.91796875 0.52109375 0.159375 0.103125
1 0.696875 0.38125 0.0671875 0.0765625
1 0.71484375 0.2359375 0.1375 0.0984375
1 0.39375 0.221875 0.06640625 0.078125
1 0.34375 0.159375 0.0765625 0.046875
1 0.22578125 0.1046875 0.0984375 0.06328125
1 0.0875 0.28125 0.09921875 0.04921875
1 0.46640625 0.121875 0.09453125 0.09375
1 0.6609375 0.1125 0.07890625 0.1203125
3 0.5 0.49921875 0.99921875 0.99765625