3 0.49921875 0.53203125 0.9984375 0.83359375
2 0.24921875 0.453125 0.1765625 0.071875
2 0.2796875 0.31796875 0.15078125 0.09609375
2 0.43671875 0.2515625 0.06953125 0.103125
2 0.40859375 0.36171875 0.14296875 0.10234375
2 0.5765625 0.33828125 0.1109375 0.10703125
2 0.66484375 0.23046875 0.109375 0.1
2 0.784375 0.33671875 0.1484375 0.08671875
2 0.85703125 0.4671875 0.18984375 0.14765625
2 0.51875 0.490625 0.14765625 0.12578125
2 0.45703125 0.61484375 0.16328125 0.14375
2 0.71640625 0.62734375 0.14765625 0.18203125
2 0.63984375 0.44609375 0.14140625 0.11015625
2 0.4859375 0.24375 0.06015625 0.05703125