3 0.46796875 0.49921875 0.8328125 0.9984375
2 0.546875 0.24921875 0.071875 0.1765625
2 0.68203125 0.2796875 0.0953125 0.15
2 0.7484375 0.43671875 0.103125 0.0703125
2 0.63828125 0.40859375 0.1015625 0.1421875
2 0.66171875 0.5765625 0.1078125 0.109375
2 0.76953125 0.66484375 0.1 0.109375
2 0.66328125 0.784375 0.0859375 0.15
2 0.5328125 0.85703125 0.146875 0.1890625
2 0.509375 0.51875 0.125 0.146875
2 0.38515625 0.45703125 0.14375 0.1640625
2 0.37265625 0.71640625 0.1828125 0.1484375
2 0.55390625 0.63984375 0.1109375 0.1421875
2 0.75625 0.4859375 0.05625 0.059375