3 0.48671875 0.50703125 0.9703125 0.9859375
2 0.64765625 0.16015625 0.1 0.1015625
2 0.28203125 0.37265625 0.1015625 0.0921875
2 0.1796875 0.875 0.146875 0.09375
2 0.75078125 0.55234375 0.1359375 0.0921875
2 0.4734375 0.528125 0.1 0.090625
2 0.60234375 0.36328125 0.0578125 0.0484375
1 0.74453125 0.34921875 0.0875 0.0484375
1 0.64140625 0.49375 0.0921875 0.059375
1 0.72421875 0.64765625 0.0734375 0.0609375
1 0.48671875 0.840625 0.0953125 0.053125
1 0.15 0.5703125 0.128125 0.05625
2 0.31484375 0.45390625 0.0515625 0.0640625
1 0.43046875 0.33515625 0.0796875 0.0828125