3 0.50703125 0.51328125 0.9859375 0.9703125
2 0.16015625 0.35234375 0.10078125 0.1
2 0.37265625 0.71796875 0.09296875 0.1015625
2 0.875 0.8203125 0.0921875 0.14609375
2 0.55234375 0.24921875 0.0921875 0.13671875
2 0.528125 0.5265625 0.090625 0.1
2 0.36328125 0.39765625 0.0484375 0.05859375
1 0.34921875 0.25546875 0.04921875 0.0875
1 0.49375 0.35859375 0.06015625 0.0921875
1 0.64765625 0.27578125 0.06171875 0.07421875
1 0.840625 0.51328125 0.053125 0.09609375
1 0.5703125 0.85 0.05703125 0.12734375
2 0.45390625 0.68515625 0.06328125 0.05234375
1 0.33515625 0.56953125 0.0828125 0.0796875