3 0.509375 0.5 0.659375 1
0 0.60703125 0.4171875 0.0171875 0.040625
0 0.7015625 0.3078125 0.0625 0.0625
0 0.67421875 0.36796875 0.0265625 0.0796875
0 0.64609375 0.625 0.021875 0.01875
0 0.646875 0.7625 0.0375 0.0625
0 0.584375 0.334375 0.0125 0.05
0 0.52890625 0.30546875 0.0359375 0.0390625
0 0.559375 0.33671875 0.025 0.0421875
0 0.4453125 0.5359375 0.034375 0.075
0 0.5171875 0.7 0.046875 0.153125
0 0.64296875 0.6265625 0.0265625 0.021875
0 0.64609375 0.76328125 0.03125 0.0578125
0 0.4890625 0.81796875 0.040625 0.1265625