3 0.5 0.490625 1 0.659375
0 0.4171875 0.39296875 0.0390625 0.01796875
0 0.3078125 0.2984375 0.06328125 0.0625
0 0.36796875 0.32578125 0.08046875 0.0265625
0 0.625 0.35390625 0.01796875 0.021875
0 0.7625 0.353125 0.0640625 0.03828125
0 0.334375 0.415625 0.05078125 0.0125
0 0.30546875 0.47109375 0.03828125 0.03515625
0 0.33671875 0.440625 0.04140625 0.025
0 0.5359375 0.5546875 0.075 0.03359375
0 0.7 0.4828125 0.153125 0.04765625
0 0.6265625 0.35703125 0.0203125 0.0265625
0 0.76328125 0.35390625 0.05859375 0.03125
0 0.81796875 0.5109375 0.12578125 0.0421875