3 0.490625 0.5 0.659375 1
0 0.39296875 0.5828125 0.0171875 0.040625
0 0.2984375 0.6921875 0.0625 0.0625
0 0.32578125 0.63203125 0.0265625 0.0796875
0 0.35390625 0.375 0.021875 0.01875
0 0.353125 0.2375 0.0375 0.0625
0 0.415625 0.665625 0.0125 0.05
0 0.47109375 0.69453125 0.0359375 0.0390625
0 0.440625 0.66328125 0.025 0.0421875
0 0.5546875 0.4640625 0.034375 0.075
0 0.4828125 0.3 0.046875 0.153125
0 0.35703125 0.3734375 0.0265625 0.021875
0 0.35390625 0.23671875 0.03125 0.0578125
0 0.5109375 0.18203125 0.040625 0.1265625