2 0.6 0.7921875 0.103125 0.128125
2 0.70546875 0.68046875 0.096875 0.1015625
2 0.71328125 0.51953125 0.0875 0.115625
2 0.7046875 0.36796875 0.09375 0.1109375
2 0.64453125 0.21640625 0.0859375 0.121875
2 0.57421875 0.33671875 0.0796875 0.11875
2 0.47734375 0.328125 0.0765625 0.128125
2 0.49921875 0.13671875 0.0765625 0.1140625
2 0.58671875 0.52265625 0.0921875 0.125
2 0.565625 0.6640625 0.096875 0.128125
2 0.440625 0.78203125 0.0875 0.1296875
2 0.46328125 0.6921875 0.1015625 0.13125
2 0.5375 0.9296875 0.04375 0.115625
2 0.38125 0.86640625 0.084375 0.125
2 0.28046875 0.87578125 0.0796875 0.11875
2 0.32578125 0.68046875 0.0828125 0.1140625
2 0.4765625 0.51484375 0.078125 0.125
2 0.3953125 0.4765625 0.08125 0.121875
2 0.3796875 0.24765625 0.09375 0.1234375
2 0.4125 0.115625 0.09375 0.11875
2 0.30390625 0.209375 0.059375 0.1375
2 0.22890625 0.2265625 0.0859375 0.1125
2 0.15859375 0.33828125 0.08125 0.1171875
2 0.27265625 0.35546875 0.084375 0.1265625
2 0.1609375 0.4796875 0.075 0.115625
2 0.2578125 0.56328125 0.08125 0.115625
2 0.24765625 0.6703125 0.0703125 0.0875
2 0.1265625 0.6265625 0.084375 0.1125
2 0.17265625 0.7640625 0.0875 0.128125
3 0.4515625 0.5 0.815625 1