2 0.2078125 0.6 0.128125 0.103125
2 0.31953125 0.70546875 0.1015625 0.096875
2 0.48046875 0.71328125 0.115625 0.0875
2 0.63203125 0.7046875 0.1109375 0.09375
2 0.78359375 0.64453125 0.121875 0.0859375
2 0.66328125 0.57421875 0.11875 0.0796875
2 0.671875 0.47734375 0.128125 0.0765625
2 0.86328125 0.49921875 0.1140625 0.0765625
2 0.47734375 0.58671875 0.125 0.0921875
2 0.3359375 0.565625 0.128125 0.096875
2 0.21796875 0.440625 0.1296875 0.0875
2 0.3078125 0.46328125 0.13125 0.1015625
2 0.0703125 0.5375 0.115625 0.04375
2 0.13359375 0.38125 0.125 0.084375
2 0.12421875 0.28046875 0.11875 0.0796875
2 0.31953125 0.32578125 0.1140625 0.0828125
2 0.48515625 0.4765625 0.125 0.078125
2 0.5234375 0.3953125 0.121875 0.08125
2 0.75234375 0.3796875 0.1234375 0.09375
2 0.884375 0.4125 0.11875 0.09375
2 0.790625 0.30390625 0.1375 0.059375
2 0.7734375 0.22890625 0.1125 0.0859375
2 0.66171875 0.15859375 0.1171875 0.08125
2 0.64453125 0.27265625 0.1265625 0.084375
2 0.5203125 0.1609375 0.115625 0.075
2 0.43671875 0.2578125 0.115625 0.08125
2 0.3296875 0.24765625 0.0875 0.0703125
2 0.3734375 0.1265625 0.1125 0.084375
2 0.2359375 0.17265625 0.128125 0.0875
3 0.5 0.4515625 1 0.815625