2 0.6765625 0.07421875 0.121875 0.1484375
2 0.4296875 0.1765625 0.175 0.234375
2 0.54453125 0.55546875 0.1015625 0.1640625
2 0.83671875 0.28671875 0.0953125 0.1578125
2 0.7421875 0.59921875 0.121875 0.1546875
2 0.75 0.89921875 0.0875 0.1578125
1 0.0734375 0.43125 0.146875 0.140625
1 0.3859375 0.04375 0.178125 0.0875
1 0.03671875 0.16328125 0.0734375 0.06875
1 0.3421875 0.490625 0.06875 0.05
1 0.4125 0.540625 0.06875 0.109375
1 0.146875 0.94609375 0.05625 0.0765625
1 0.7 0.18046875 0.0875 0.05
1 0.65625 0.64609375 0.040625 0.0484375
3 0.4296875 0.5 0.859375 1