2 0.07421875 0.3234375 0.1484375 0.12265625
2 0.1765625 0.5703125 0.2359375 0.175
2 0.55546875 0.45546875 0.1640625 0.10234375
2 0.28671875 0.16328125 0.15859375 0.09609375
2 0.59921875 0.2578125 0.1546875 0.12109375
2 0.89921875 0.25 0.15859375 0.0890625
1 0.43125 0.9265625 0.13984375 0.14609375
1 0.04375 0.6140625 0.0875 0.178125
1 0.16328125 0.96328125 0.06875 0.0734375
1 0.490625 0.6578125 0.05 0.06796875
1 0.540625 0.5875 0.10859375 0.06875
1 0.94609375 0.853125 0.07578125 0.05625
1 0.18046875 0.3 0.05 0.08828125
1 0.64609375 0.34375 0.0484375 0.03984375
3 0.5 0.5703125 1 0.859375