2 0.3234375 0.92578125 0.121875 0.1484375
2 0.5703125 0.8234375 0.175 0.234375
2 0.45546875 0.44453125 0.1015625 0.1640625
2 0.16328125 0.71328125 0.0953125 0.1578125
2 0.2578125 0.40078125 0.121875 0.1546875
2 0.25 0.10078125 0.0875 0.1578125
1 0.9265625 0.56875 0.146875 0.140625
1 0.6140625 0.95625 0.178125 0.0875
1 0.96328125 0.83671875 0.0734375 0.06875
1 0.6578125 0.509375 0.06875 0.05
1 0.5875 0.459375 0.06875 0.109375
1 0.853125 0.05390625 0.05625 0.0765625
1 0.3 0.81953125 0.0875 0.05
1 0.34375 0.35390625 0.040625 0.0484375
3 0.5703125 0.5 0.859375 1