3 0.5 0.6015625 1 0.796875
2 0.2109375 0.484375 0.1796875 0.1203125
2 0.1984375 0.65 0.2328125 0.1328125
2 0.3484375 0.56015625 0.2078125 0.128125
2 0.35390625 0.39140625 0.16875 0.09609375
2 0.5109375 0.3265625 0.1546875 0.1265625
2 0.45625 0.4796875 0.1890625 0.096875
2 0.40390625 0.73671875 0.26875 0.15390625
2 0.57109375 0.60546875 0.215625 0.1171875
2 0.678125 0.4828125 0.1921875 0.07109375
2 0.5703125 0.40859375 0.17421875 0.07265625
2 0.7328125 0.315625 0.1328125 0.06796875
2 0.89375 0.34140625 0.1390625 0.05546875
2 0.775 0.4 0.17421875 0.0796875
0 0.79140625 0.54921875 0.13203125 0.046875
0 0.8296875 0.48515625 0.0609375 0.13046875
0 0.62578125 0.81015625 0.12578125 0.1359375
0 0.9359375 0.80078125 0.128125 0.103125
0 0.9671875 0.71953125 0.04296875 0.0515625
0 0.9515625 0.57265625 0.096875 0.06171875
0 0.89609375 0.446875 0.09140625 0.0734375
0 0.7890625 0.54453125 0.12421875 0.04140625
0 0.96484375 0.44765625 0.06953125 0.028125
0 0.984375 0.33359375 0.03046875 0.03515625
0 0.8859375 0.49921875 0.0453125 0.065625
0 0.76875 0.83984375 0.1546875 0.14375
0 0.99453125 0.69609375 0.0109375 0.0875