3 0.5 0.3984375 1 0.796875
2 0.7890625 0.515625 0.178125 0.1203125
2 0.8015625 0.35 0.234375 0.1328125
2 0.6515625 0.43984375 0.209375 0.128125
2 0.64609375 0.60859375 0.16875 0.0953125
2 0.4890625 0.6734375 0.153125 0.128125
2 0.54375 0.5203125 0.1875 0.096875
2 0.59609375 0.26328125 0.26875 0.1546875
2 0.42890625 0.39453125 0.215625 0.1171875
2 0.321875 0.5171875 0.19375 0.071875
2 0.4296875 0.59140625 0.175 0.0734375
2 0.2671875 0.684375 0.134375 0.06875
2 0.10625 0.65859375 0.1375 0.0546875
2 0.225 0.6 0.175 0.08125
0 0.20859375 0.45078125 0.1328125 0.046875
0 0.1703125 0.51484375 0.059375 0.1296875
0 0.37421875 0.18984375 0.1265625 0.1359375
0 0.0640625 0.19921875 0.128125 0.103125
0 0.0328125 0.28046875 0.04375 0.0515625
0 0.0484375 0.42734375 0.096875 0.0609375
0 0.10390625 0.553125 0.0921875 0.075
0 0.2109375 0.45546875 0.125 0.0421875
0 0.03515625 0.55234375 0.0703125 0.028125
0 0.015625 0.66640625 0.03125 0.0359375
0 0.1140625 0.50078125 0.046875 0.065625
0 0.23125 0.16015625 0.15625 0.14375
0 0.00546875 0.30390625 0.0109375 0.0875