3 0.5 0.5 0.99921875 1
0 0.07890625 0.1546875 0.13671875 0.1375
0 0.1140625 0.30859375 0.18984375 0.16640625
0 0.221875 0.1484375 0.12890625 0.1296875
0 0.4109375 0.0921875 0.21484375 0.17578125
0 0.63125 0.13125 0.2015625 0.13125
0 0.30390625 0.29375 0.2015625 0.165625
0 0.32265625 0.428125 0.1515625 0.0875
0 0.06484375 0.51015625 0.125 0.19375
0 0.2359375 0.57890625 0.19609375 0.09296875
0 0.4203125 0.76640625 0.26171875 0.18203125
0 0.40859375 0.57109375 0.10625 0.22265625
0 0.4546875 0.453125 0.103125 0.31171875
0 0.77578125 0.13515625 0.04453125 0.0734375
0 0.81875 0.2453125 0.1296875 0.07265625
1 0.83359375 0.1328125 0.04296875 0.07734375
0 0.81328125 0.42890625 0.3734375 0.2828125
0 0.7359375 0.7484375 0.23515625 0.1734375
0 0.6 0.67578125 0.2390625 0.121875
0 0.5796875 0.53515625 0.1890625 0.16171875
0 0.53359375 0.29453125 0.0671875 0.0578125
0 0.44453125 0.14765625 0.1375 0.0703125
0 0.91328125 0.16953125 0.1734375 0.2546875
0 0.2390625 0.84296875 0.1078125 0.3140625