3 0.5 0.5 1 1
0 0.92109375 0.8453125 0.1359375 0.1375
0 0.8859375 0.69140625 0.190625 0.1671875
0 0.778125 0.8515625 0.128125 0.128125
0 0.5890625 0.9078125 0.215625 0.175
0 0.36875 0.86875 0.2015625 0.13125
0 0.69609375 0.70625 0.2015625 0.165625
0 0.67734375 0.571875 0.1515625 0.0875
0 0.93515625 0.48984375 0.125 0.19375
0 0.7640625 0.42109375 0.196875 0.0921875
0 0.5796875 0.23359375 0.2625 0.1828125
0 0.59140625 0.42890625 0.10625 0.2234375
0 0.5453125 0.546875 0.103125 0.3125
0 0.22421875 0.86484375 0.0453125 0.0734375
0 0.18125 0.7546875 0.13125 0.071875
1 0.16640625 0.8671875 0.0421875 0.078125
0 0.18671875 0.57109375 0.3734375 0.2828125
0 0.2640625 0.2515625 0.234375 0.171875
0 0.4 0.32421875 0.2390625 0.121875
0 0.4203125 0.46484375 0.190625 0.1609375
0 0.46640625 0.70546875 0.0671875 0.0578125
0 0.55546875 0.85234375 0.1375 0.0703125
0 0.08671875 0.83046875 0.1734375 0.2546875
0 0.7609375 0.15703125 0.109375 0.3140625