3 0.5 0.5 1 1
0 0.8453125 0.07890625 0.1375 0.1359375
0 0.69140625 0.1140625 0.1671875 0.190625
0 0.8515625 0.221875 0.128125 0.128125
0 0.9078125 0.4109375 0.175 0.215625
0 0.86875 0.63125 0.13125 0.2
0 0.70625 0.30390625 0.165625 0.2015625
0 0.571875 0.32265625 0.0875 0.1515625
0 0.48984375 0.06484375 0.19375 0.125
0 0.42109375 0.2359375 0.0921875 0.196875
0 0.23359375 0.4203125 0.1828125 0.2625
0 0.42890625 0.40859375 0.2234375 0.10625
0 0.546875 0.4546875 0.3125 0.103125
0 0.86484375 0.77578125 0.0734375 0.0453125
0 0.7546875 0.81875 0.071875 0.13125
1 0.8671875 0.83359375 0.078125 0.0421875
0 0.57109375 0.81328125 0.2828125 0.3734375
0 0.2515625 0.7359375 0.171875 0.234375
0 0.32421875 0.6 0.121875 0.2375
0 0.46484375 0.5796875 0.1609375 0.190625
0 0.70546875 0.53359375 0.0578125 0.0671875
0 0.85234375 0.44453125 0.0703125 0.1375
0 0.83046875 0.91328125 0.2546875 0.1734375
0 0.15703125 0.2390625 0.3140625 0.109375