3 0.5 0.509375 1 0.675
0 0.0625 0.3625 0.06640625 0.03828125
0 0.171875 0.30703125 0.05078125 0.04140625
0 0.18984375 0.34375 0.08046875 0.0375
0 0.10234375 0.45234375 0.12890625 0.0828125
0 0.31484375 0.57265625 0.11484375 0.04765625
0 0.2546875 0.35234375 0.05546875 0.05546875
0 0.18046875 0.34296875 0.06640625 0.0609375
0 0.36953125 0.29453125 0.04921875 0.04609375
0 0.39609375 0.2546875 0.0375 0.03203125
0 0.4078125 0.32734375 0.03984375 0.02890625
0 0.446875 0.3296875 0.03828125 0.065625
0 0.54921875 0.22265625 0.05546875 0.015625
0 0.48359375 0.3046875 0.02734375 0.028125
0 0.64296875 0.284375 0.06015625 0.0296875
0 0.6015625 0.4234375 0.1046875 0.0640625
0 0.66640625 0.37890625 0.04296875 0.05390625
0 0.7015625 0.45 0.0578125 0.09609375
0 0.79453125 0.325 0.1140625 0.07734375
0 0.8984375 0.26484375 0.0953125 0.04921875
0 0.88046875 0.3078125 0.04921875 0.034375
0 0.96640625 0.315625 0.0671875 0.05625
0 0.946875 0.384375 0.0703125 0.0546875
0 0.98515625 0.35859375 0.0296875 0.0453125
0 0.35 0.35390625 0.06484375 0.021875
0 0.3671875 0.4234375 0.0515625 0.04453125
0 0.88671875 0.63046875 0.12734375 0.08359375