3 0.5 0.490625 1 0.675
0 0.9375 0.6375 0.065625 0.0375
0 0.828125 0.69296875 0.05 0.0421875
0 0.81015625 0.65625 0.0796875 0.0375
0 0.89765625 0.54765625 0.1296875 0.0828125
0 0.68515625 0.42734375 0.1140625 0.0484375
0 0.7453125 0.64765625 0.05625 0.0546875
0 0.81953125 0.65703125 0.0671875 0.0609375
0 0.63046875 0.70546875 0.0484375 0.0453125
0 0.60390625 0.7453125 0.0375 0.03125
0 0.5921875 0.67265625 0.040625 0.0296875
0 0.553125 0.6703125 0.0375 0.065625
0 0.45078125 0.77734375 0.0546875 0.015625
0 0.51640625 0.6953125 0.0265625 0.028125
0 0.35703125 0.715625 0.0609375 0.03125
0 0.3984375 0.5765625 0.103125 0.065625
0 0.33359375 0.62109375 0.0421875 0.0546875
0 0.2984375 0.55 0.059375 0.096875
0 0.20546875 0.675 0.1140625 0.078125
0 0.1015625 0.73515625 0.096875 0.0484375
0 0.11953125 0.6921875 0.0484375 0.034375
0 0.03359375 0.684375 0.0671875 0.05625
0 0.053125 0.615625 0.06875 0.05625
0 0.01484375 0.64140625 0.0296875 0.0453125
0 0.65 0.64609375 0.065625 0.021875
0 0.6328125 0.5765625 0.053125 0.04375
0 0.11328125 0.36953125 0.1265625 0.0828125