2 0.50703125 0.16328125 0.1375 0.0890625
2 0.37578125 0.19375 0.14375 0.12109375
2 0.23203125 0.23984375 0.13828125 0.0984375
2 0.15234375 0.2765625 0.11640625 0.090625
2 0.22109375 0.340625 0.1359375 0.08203125
2 0.075 0.46640625 0.14921875 0.121875
2 0.071875 0.5796875 0.14375 0.1109375
2 0.1578125 0.67734375 0.165625 0.10234375
2 0.2453125 0.75703125 0.1953125 0.090625
2 0.42109375 0.284375 0.08359375 0.0703125
2 0.54765625 0.2234375 0.1390625 0.0984375
2 0.80390625 0.2109375 0.12890625 0.1203125
2 0.65703125 0.2859375 0.13046875 0.09296875
2 0.91640625 0.36015625 0.15546875 0.12578125
2 0.75859375 0.3484375 0.146875 0.10390625
2 0.4703125 0.37421875 0.14296875 0.12265625
2 0.33828125 0.36484375 0.1265625 0.11875
2 0.38125 0.4640625 0.140625 0.071875
2 0.2375 0.4875 0.1609375 0.10546875
2 0.29453125 0.5796875 0.14296875 0.134375
2 0.5875 0.4234375 0.11875 0.146875
2 0.68984375 0.4296875 0.1484375 0.06171875
2 0.95703125 0.50390625 0.08515625 0.1234375
2 0.834375 0.49140625 0.159375 0.10625
2 0.90703125 0.59453125 0.16328125 0.14921875
2 0.4328125 0.83515625 0.07734375 0.1609375
2 0.89609375 0.75234375 0.17421875 0.171875
2 0.7671875 0.63671875 0.109375 0.13984375
2 0.58515625 0.79296875 0.1921875 0.1484375
2 0.45703125 0.69921875 0.11171875 0.1484375
2 0.6625 0.5359375 0.14375 0.1484375
2 0.5640625 0.58828125 0.1984375 0.1390625
2 0.64609375 0.67734375 0.175 0.128125
2 0.5 0.5296875 1 0.940625