3 0.5 0.5 0.99921875 1
2 0.0328125 0.14375 0.0640625 0.10859375
2 0.19765625 0.1671875 0.1453125 0.1125
2 0.36328125 0.040625 0.14765625 0.07109375
2 0.60625 0.12734375 0.15234375 0.09296875
2 0.78515625 0.215625 0.08203125 0.1171875
2 0.92109375 0.11796875 0.15703125 0.1046875
2 0.51875 0.3203125 0.14296875 0.0921875
2 0.35 0.215625 0.05 0.11328125
2 0.1171875 0.31484375 0.15859375 0.103125
2 0.17109375 0.46484375 0.15625 0.12578125
2 0.353125 0.49140625 0.178125 0.1140625
2 0.82734375 0.5125 0.1828125 0.134375
2 0.96953125 0.3234375 0.0609375 0.1375
2 0.746875 0.70625 0.17265625 0.14453125
2 0.55625 0.7796875 0.20234375 0.13984375
2 0.0796875 0.73671875 0.140625 0.1359375
2 0.2578125 0.91484375 0.19609375 0.1578125