3 0.5 0.5 1 1
2 0.9671875 0.85625 0.065625 0.109375
2 0.80234375 0.8328125 0.1453125 0.1125
2 0.63671875 0.959375 0.1484375 0.071875
2 0.39375 0.87265625 0.153125 0.0921875
2 0.21484375 0.784375 0.0828125 0.11875
2 0.07890625 0.88203125 0.1578125 0.1046875
2 0.48125 0.6796875 0.14375 0.090625
2 0.65 0.784375 0.05 0.1125
2 0.8828125 0.68515625 0.159375 0.103125
2 0.82890625 0.53515625 0.15625 0.1265625
2 0.646875 0.50859375 0.178125 0.1140625
2 0.17265625 0.4875 0.1828125 0.134375
2 0.03046875 0.6765625 0.0609375 0.1375
2 0.253125 0.29375 0.171875 0.14375
2 0.44375 0.2203125 0.203125 0.140625
2 0.9203125 0.26328125 0.140625 0.1359375
2 0.7421875 0.08515625 0.196875 0.1578125