3 0.5 0.5 1 1
2 0.0328125 0.14375 0.065625 0.109375
2 0.19765625 0.1671875 0.1453125 0.1125
2 0.36328125 0.040625 0.1484375 0.071875
2 0.60625 0.12734375 0.153125 0.0921875
2 0.78515625 0.215625 0.0828125 0.11875
2 0.92109375 0.11796875 0.1578125 0.1046875
2 0.51875 0.3203125 0.14375 0.090625
2 0.35 0.215625 0.05 0.1125
2 0.1171875 0.31484375 0.159375 0.103125
2 0.17109375 0.46484375 0.15625 0.1265625
2 0.353125 0.49140625 0.178125 0.1140625
2 0.82734375 0.5125 0.1828125 0.134375
2 0.96953125 0.3234375 0.0609375 0.1375
2 0.746875 0.70625 0.171875 0.14375
2 0.55625 0.7796875 0.203125 0.140625
2 0.0796875 0.73671875 0.140625 0.1359375
2 0.2578125 0.91484375 0.196875 0.1578125