2 0.721875 0.61875 0.10234375 0.11171875
2 0.859375 0.628125 0.06875 0.0953125
2 0.7765625 0.52578125 0.07421875 0.1046875
2 0.68359375 0.48203125 0.10625 0.17265625
2 0.3453125 0.77578125 0.059375 0.10078125
2 0.40390625 0.6734375 0.05234375 0.1140625
2 0.4453125 0.5484375 0.06171875 0.16796875
2 0.7703125 0.1796875 0.0703125 0.07421875
2 0.70234375 0.146875 0.0671875 0.096875
2 0.68125 0.20390625 0.0734375 0.06015625
2 0.5625 0.19296875 0.0328125 0.11796875
2 0.6640625 0.31171875 0.11484375 0.134375
2 0.23671875 0.625 0.12734375 0.0921875
2 0.18515625 0.528125 0.1109375 0.11484375
2 0.27890625 0.5453125 0.07890625 0.04140625
2 0.34765625 0.47109375 0.10234375 0.10390625
2 0.51015625 0.134375 0.06640625 0.05078125
2 0.49765625 0.1796875 0.071875 0.05078125
2 0.4875 0.23515625 0.07578125 0.05390625
2 0.4390625 0.13203125 0.06328125 0.05546875
2 0.2515625 0.44453125 0.1 0.07109375
2 0.40859375 0.246875 0.07734375 0.05078125
2 0.34609375 0.246875 0.06640625 0.06640625
2 0.31953125 0.18671875 0.06484375 0.08515625
2 0.25390625 0.215625 0.07578125 0.0875
2 0.1453125 0.28828125 0.09140625 0.07890625
2 0.2734375 0.30625 0.10078125 0.09609375
2 0.3109375 0.390625 0.084375 0.0484375
2 0.14609375 0.43671875 0.09453125 0.06328125
2 0.15390625 0.3671875 0.09453125 0.0734375
2 0.54375 0.38046875 0.065625 0.096875
2 0.49296875 0.45 0.053125 0.10703125
3 0.8015625 0.65859375 0.3875 0.5640625
3 0.440625 0.51640625 0.84921875 0.95859375