2 0.278125 0.38125 0.103125 0.1125
2 0.140625 0.371875 0.06875 0.09375
2 0.2234375 0.47421875 0.075 0.1046875
2 0.31640625 0.51796875 0.10625 0.1734375
2 0.6546875 0.22421875 0.059375 0.1015625
2 0.59609375 0.3265625 0.0515625 0.115625
2 0.5546875 0.4515625 0.0625 0.16875
2 0.2296875 0.8203125 0.071875 0.075
2 0.29765625 0.853125 0.0671875 0.096875
2 0.31875 0.79609375 0.075 0.0609375
2 0.4375 0.80703125 0.03125 0.1171875
2 0.3359375 0.68828125 0.115625 0.134375
2 0.76328125 0.375 0.1265625 0.09375
2 0.81484375 0.471875 0.1109375 0.115625
2 0.72109375 0.4546875 0.0796875 0.040625
2 0.65234375 0.52890625 0.1015625 0.1046875
2 0.48984375 0.865625 0.0671875 0.05
2 0.50234375 0.8203125 0.071875 0.05
2 0.5125 0.76484375 0.075 0.0546875
2 0.5609375 0.86796875 0.0625 0.0546875
2 0.7484375 0.55546875 0.1 0.0703125
2 0.59140625 0.753125 0.0765625 0.05
2 0.65390625 0.753125 0.0671875 0.065625
2 0.68046875 0.81328125 0.0640625 0.0859375
2 0.74609375 0.784375 0.0765625 0.0875
2 0.8546875 0.71171875 0.090625 0.0796875
2 0.7265625 0.69375 0.1 0.096875
2 0.6890625 0.609375 0.084375 0.05
2 0.85390625 0.56328125 0.0953125 0.0640625
2 0.84609375 0.6328125 0.0953125 0.071875
2 0.45625 0.61953125 0.065625 0.096875
2 0.50703125 0.55 0.053125 0.10625
3 0.1984375 0.34140625 0.3875 0.5640625
3 0.559375 0.48359375 0.85 0.9578125