3 0.5046875 0.52421875 0.9390625 0.70390625
1 0.553125 0.40859375 0.0546875 0.05703125
1 0.85234375 0.33515625 0.0671875 0.05546875
1 0.85859375 0.6375 0.0796875 0.071875
2 0.3796875 0.28125 0.06015625 0.05625
2 0.44609375 0.25390625 0.06953125 0.05625
2 0.5375 0.24140625 0.06875 0.06484375
2 0.465625 0.3 0.0671875 0.04375
2 0.53671875 0.29609375 0.07578125 0.046875
2 0.63671875 0.27578125 0.071875 0.04375
2 0.615625 0.30703125 0.07578125 0.03125
2 0.6921875 0.28671875 0.05703125 0.05078125
2 0.79453125 0.325 0.06015625 0.0515625
2 0.73671875 0.35546875 0.08828125 0.0453125
2 0.54609375 0.3390625 0.0609375 0.03671875
2 0.528125 0.37890625 0.0609375 0.0375
2 0.60703125 0.3734375 0.07578125 0.0453125
1 0.31875 0.23359375 0.05078125 0.04921875
1 0.10078125 0.503125 0.103125 0.04453125