3 0.52421875 0.4953125 0.7046875 0.940625
1 0.40859375 0.446875 0.0578125 0.05625
1 0.33515625 0.14765625 0.0546875 0.0671875
1 0.6375 0.14140625 0.071875 0.0796875
2 0.28125 0.6203125 0.05625 0.059375
2 0.25390625 0.55390625 0.05625 0.0703125
2 0.24140625 0.4625 0.0640625 0.06875
2 0.3 0.534375 0.04375 0.06875
2 0.29609375 0.46328125 0.046875 0.0765625
2 0.27578125 0.36328125 0.04375 0.071875
2 0.30703125 0.384375 0.03125 0.075
2 0.28671875 0.3078125 0.0515625 0.05625
2 0.325 0.20546875 0.05 0.0609375
2 0.35546875 0.26328125 0.0453125 0.0890625
2 0.3390625 0.45390625 0.0375 0.0609375
2 0.37890625 0.471875 0.0375 0.0625
2 0.3734375 0.39296875 0.046875 0.0765625
1 0.23359375 0.68125 0.0484375 0.05
1 0.503125 0.89921875 0.04375 0.103125