3 0.4953125 0.47578125 0.940625 0.7046875
1 0.446875 0.59140625 0.05625 0.0578125
1 0.14765625 0.66484375 0.0671875 0.0546875
1 0.14140625 0.3625 0.0796875 0.071875
2 0.6203125 0.71875 0.059375 0.05625
2 0.55390625 0.74609375 0.0703125 0.05625
2 0.4625 0.75859375 0.06875 0.0640625
2 0.534375 0.7 0.06875 0.04375
2 0.46328125 0.70390625 0.0765625 0.046875
2 0.36328125 0.72421875 0.071875 0.04375
2 0.384375 0.69296875 0.075 0.03125
2 0.3078125 0.71328125 0.05625 0.0515625
2 0.20546875 0.675 0.0609375 0.05
2 0.26328125 0.64453125 0.0890625 0.0453125
2 0.45390625 0.6609375 0.0609375 0.0375
2 0.471875 0.62109375 0.0625 0.0375
2 0.39296875 0.6265625 0.0765625 0.046875
1 0.68125 0.76640625 0.05 0.0484375
1 0.89921875 0.496875 0.103125 0.04375