1 0.21875 0.3375 0.05625 0.05625
1 0.134375 0.2421875 0.04375 0.0375
1 0.1890625 0.2 0.034375 0.0375
1 0.20703125 0.13671875 0.053125 0.034375
1 0.3125 0.16328125 0.04375 0.034375
1 0.29453125 0.29921875 0.0671875 0.0546875
1 0.2328125 0.40546875 0.053125 0.034375
1 0.221875 0.4859375 0.053125 0.071875
1 0.18046875 0.5296875 0.0640625 0.040625
1 0.33828125 0.6296875 0.0609375 0.03125
1 0.37890625 0.43359375 0.0546875 0.0515625
1 0.39765625 0.390625 0.0546875 0.04375
1 0.38515625 0.34921875 0.0390625 0.0375
1 0.35078125 0.2921875 0.0484375 0.034375
1 0.4578125 0.50703125 0.046875 0.0375
1 0.51484375 0.55546875 0.0359375 0.0390625
1 0.46640625 0.590625 0.0296875 0.028125
1 0.49765625 0.63359375 0.0359375 0.0359375
3 0.29375 0.4296875 0.5875 0.859375