1 0.3375 0.78125 0.05625 0.05703125
1 0.2421875 0.865625 0.0375 0.04453125
1 0.2 0.8109375 0.0390625 0.034375
1 0.13671875 0.79296875 0.034375 0.053125
1 0.16328125 0.6875 0.034375 0.04453125
1 0.29921875 0.70546875 0.05546875 0.06640625
1 0.40546875 0.7671875 0.034375 0.0515625
1 0.4859375 0.778125 0.071875 0.053125
1 0.5296875 0.81953125 0.0421875 0.06484375
1 0.6296875 0.66171875 0.03203125 0.0609375
1 0.43359375 0.62109375 0.05078125 0.0546875
1 0.390625 0.60234375 0.04453125 0.05546875
1 0.34921875 0.61484375 0.0375 0.03828125
1 0.2921875 0.64921875 0.034375 0.0484375
1 0.50703125 0.5421875 0.0375 0.04609375
1 0.55546875 0.48515625 0.0390625 0.03671875
1 0.590625 0.53359375 0.028125 0.03046875
1 0.63359375 0.50234375 0.03671875 0.03515625
3 0.4296875 0.70625 0.859375 0.5875