1 0.6625 0.21875 0.05625 0.05625
1 0.7578125 0.134375 0.0375 0.04375
1 0.8 0.1890625 0.0375 0.034375
1 0.86328125 0.20703125 0.034375 0.053125
1 0.83671875 0.3125 0.034375 0.04375
1 0.70078125 0.29453125 0.0546875 0.0671875
1 0.59453125 0.2328125 0.034375 0.053125
1 0.5140625 0.221875 0.071875 0.053125
1 0.4703125 0.18046875 0.040625 0.0640625
1 0.3703125 0.33828125 0.03125 0.0609375
1 0.56640625 0.37890625 0.0515625 0.0546875
1 0.609375 0.39765625 0.04375 0.0546875
1 0.65078125 0.38515625 0.0375 0.0390625
1 0.7078125 0.35078125 0.034375 0.0484375
1 0.49296875 0.4578125 0.0375 0.046875
1 0.44453125 0.51484375 0.0390625 0.0359375
1 0.409375 0.46640625 0.028125 0.0296875
1 0.36640625 0.49765625 0.0359375 0.0359375
3 0.5703125 0.29375 0.859375 0.5875