3 0.52265625 0.49453125 0.8015625 0.9890625
0 0.28671875 0.47265625 0.078125 0.1828125
0 0.24296875 0.26875 0.0484375 0.034375
0 0.24609375 0.20703125 0.0515625 0.0234375
0 0.49453125 0.05 0.1046875 0.1
0 0.47265625 0.1640625 0.1203125 0.096875
0 0.559375 0.53046875 0.06875 0.1171875
0 0.53671875 0.446875 0.0390625 0.05
0 0.5953125 0.41953125 0.059375 0.1734375
0 0.49296875 0.303125 0.0828125 0.065625
0 0.38515625 0.29375 0.0453125 0.025
0 0.653125 0.37421875 0.0625 0.1359375
0 0.671875 0.25390625 0.04375 0.0671875
0 0.32421875 0.31015625 0.0453125 0.06875
0 0.34296875 0.3890625 0.025 0.01875
0 0.31875 0.596875 0.05 0.1
0 0.340625 0.55625 0.078125 0.15
0 0.425 0.24609375 0.0625 0.1078125
0 0.5921875 0.3140625 0.065625 0.065625
0 0.571875 0.21484375 0.05625 0.0640625