3 0.49453125 0.47734375 0.9890625 0.8015625
0 0.47265625 0.71328125 0.1828125 0.078125
0 0.26875 0.75703125 0.034375 0.0484375
0 0.20703125 0.75390625 0.0234375 0.0515625
0 0.05 0.50546875 0.1 0.1046875
0 0.1640625 0.52734375 0.096875 0.1203125
0 0.53046875 0.440625 0.1171875 0.06875
0 0.446875 0.46328125 0.05 0.0390625
0 0.41953125 0.4046875 0.1734375 0.059375
0 0.303125 0.50703125 0.065625 0.0828125
0 0.29375 0.61484375 0.025 0.0453125
0 0.37421875 0.346875 0.1359375 0.0625
0 0.25390625 0.328125 0.0671875 0.04375
0 0.31015625 0.67578125 0.06875 0.0453125
0 0.3890625 0.65703125 0.01875 0.025
0 0.596875 0.68125 0.1 0.05
0 0.55625 0.659375 0.15 0.078125
0 0.24609375 0.575 0.1078125 0.0625
0 0.3140625 0.4078125 0.065625 0.065625
0 0.21484375 0.428125 0.0640625 0.05625