3 0.50546875 0.52265625 0.9890625 0.8015625
0 0.52734375 0.28671875 0.18203125 0.078125
0 0.73125 0.24296875 0.034375 0.04765625
0 0.79296875 0.24609375 0.02265625 0.05234375
0 0.95 0.49453125 0.1 0.1046875
0 0.8359375 0.47265625 0.096875 0.11953125
0 0.46953125 0.559375 0.11796875 0.0671875
0 0.553125 0.53671875 0.05078125 0.03984375
0 0.58046875 0.5953125 0.1734375 0.0609375
0 0.696875 0.49296875 0.065625 0.0828125
0 0.70625 0.38515625 0.02578125 0.04453125
0 0.62578125 0.653125 0.13515625 0.0640625
0 0.74609375 0.671875 0.06796875 0.04453125
0 0.68984375 0.32421875 0.06875 0.04453125
0 0.6109375 0.34296875 0.01875 0.025
0 0.403125 0.31875 0.1015625 0.05
0 0.44375 0.340625 0.14921875 0.078125
0 0.75390625 0.425 0.10859375 0.06328125
0 0.6859375 0.5921875 0.0640625 0.0640625
0 0.78515625 0.571875 0.06328125 0.05703125