2 0.12734375 0.428125 0.1515625 0.1546875
2 0.47265625 0.79296875 0.14609375 0.209375
2 0.84921875 0.6484375 0.15546875 0.18984375
2 0.24140625 0.21953125 0.11796875 0.08984375
0 0.7671875 0.72421875 0.1375 0.18671875
0 0.859375 0.3328125 0.07109375 0.08359375
0 0.9734375 0.51640625 0.053125 0.090625
0 0.7921875 0.30546875 0.1296875 0.11640625
0 0.5671875 0.80625 0.08359375 0.08203125
0 0.60234375 0.5125 0.0671875 0.0609375
0 0.4203125 0.57109375 0.06484375 0.084375
3 0.5 0.52890625 1 0.94140625