2 0.48671875 0.96171875 0.1296875 0.0765625
2 0.3109375 0.9484375 0.15625 0.103125
2 0.68125 0.93359375 0.15 0.0875
2 0.88671875 0.8265625 0.184375 0.146875
2 0.9328125 0.6109375 0.134375 0.13125
2 0.903125 0.4484375 0.19375 0.153125
2 0.67265625 0.29375 0.225 0.20625
2 0.6421875 0.78359375 0.115625 0.1
2 0.46015625 0.75703125 0.1984375 0.1375
2 0.15703125 0.8265625 0.1859375 0.134375
2 0.2984375 0.6140625 0.190625 0.18125
2 0.075 0.61953125 0.15 0.13125
2 0.096875 0.45234375 0.190625 0.159375
2 0.35078125 0.28046875 0.2171875 0.2296875
1 0.496875 0.22421875 0.115625 0.1015625
1 0.57421875 0.45234375 0.0890625 0.0984375
1 0.42734375 0.4703125 0.0828125 0.0875
1 0.37109375 0.52265625 0.0703125 0.078125
1 0.45546875 0.584375 0.0703125 0.053125
1 0.73828125 0.52890625 0.0859375 0.075
1 0.83828125 0.53671875 0.0421875 0.0359375
1 0.81875 0.59609375 0.08125 0.05625
1 0.76796875 0.7921875 0.0640625 0.071875
1 0.83125 0.83671875 0.06875 0.0453125
1 0.3203125 0.64765625 0.075 0.05
1 0.3859375 0.709375 0.06875 0.053125
1 0.33203125 0.7875 0.0640625 0.04375
1 0.3359375 0.85625 0.065625 0.04375
1 0.4046875 0.9 0.040625 0.0375
1 0.58515625 0.81484375 0.0515625 0.040625
1 0.67890625 0.83046875 0.0671875 0.0296875
1 0.50078125 0.8359375 0.0328125 0.071875
3 0.5 0.5 1 1