2 0.51328125 0.03828125 0.13046875 0.0765625
2 0.6890625 0.0515625 0.15625 0.103125
2 0.31875 0.06640625 0.1484375 0.0875
2 0.11328125 0.1734375 0.184375 0.14765625
2 0.0671875 0.3890625 0.134375 0.13125
2 0.096875 0.5515625 0.19375 0.1515625
2 0.32734375 0.70625 0.225 0.20546875
2 0.3578125 0.21640625 0.1171875 0.1
2 0.53984375 0.24296875 0.19921875 0.1375
2 0.84296875 0.1734375 0.1859375 0.13359375
2 0.7015625 0.3859375 0.19140625 0.18203125
2 0.925 0.38046875 0.15 0.13125
2 0.903125 0.54765625 0.190625 0.159375
2 0.64921875 0.71953125 0.21640625 0.23046875
1 0.503125 0.77578125 0.11640625 0.1015625
1 0.42578125 0.54765625 0.08828125 0.0984375
1 0.57265625 0.5296875 0.08203125 0.08671875
1 0.62890625 0.47734375 0.07109375 0.078125
1 0.54453125 0.415625 0.06953125 0.05234375
1 0.26171875 0.47109375 0.08515625 0.075
1 0.16171875 0.46328125 0.04140625 0.03515625
1 0.18125 0.40390625 0.0796875 0.05625
1 0.23203125 0.2078125 0.06484375 0.0703125
1 0.16875 0.16328125 0.0671875 0.04453125
1 0.6796875 0.35234375 0.075 0.05
1 0.6140625 0.290625 0.06796875 0.05234375
1 0.66796875 0.2125 0.0640625 0.0453125
1 0.6640625 0.14375 0.06640625 0.0421875
1 0.5953125 0.1 0.040625 0.0390625
1 0.41484375 0.18515625 0.05078125 0.040625
1 0.32109375 0.16953125 0.06640625 0.02890625
1 0.49921875 0.1640625 0.0328125 0.0734375
3 0.5 0.5 1 1