2 0.96171875 0.51328125 0.0765625 0.1296875
2 0.9484375 0.6890625 0.103125 0.15625
2 0.93359375 0.31875 0.0875 0.15
2 0.8265625 0.11328125 0.146875 0.184375
2 0.6109375 0.0671875 0.13125 0.134375
2 0.4484375 0.096875 0.153125 0.19375
2 0.29375 0.32734375 0.20625 0.225
2 0.78359375 0.3578125 0.1 0.115625
2 0.75703125 0.53984375 0.1375 0.1984375
2 0.8265625 0.84296875 0.134375 0.1859375
2 0.6140625 0.7015625 0.18125 0.190625
2 0.61953125 0.925 0.13125 0.15
2 0.45234375 0.903125 0.159375 0.190625
2 0.28046875 0.64921875 0.2296875 0.2171875
1 0.22421875 0.503125 0.1015625 0.115625
1 0.45234375 0.42578125 0.0984375 0.0890625
1 0.4703125 0.57265625 0.0875 0.0828125
1 0.52265625 0.62890625 0.078125 0.0703125
1 0.584375 0.54453125 0.053125 0.0703125
1 0.52890625 0.26171875 0.075 0.0859375
1 0.53671875 0.16171875 0.0359375 0.0421875
1 0.59609375 0.18125 0.05625 0.08125
1 0.7921875 0.23203125 0.071875 0.0640625
1 0.83671875 0.16875 0.0453125 0.06875
1 0.64765625 0.6796875 0.05 0.075
1 0.709375 0.6140625 0.053125 0.06875
1 0.7875 0.66796875 0.04375 0.0640625
1 0.85625 0.6640625 0.04375 0.065625
1 0.9 0.5953125 0.0375 0.040625
1 0.81484375 0.41484375 0.040625 0.0515625
1 0.83046875 0.32109375 0.0296875 0.0671875
1 0.8359375 0.49921875 0.071875 0.0328125
3 0.5 0.5 1 1