3 0.4984375 0.5 0.96171875 0.9078125
2 0.2421875 0.25546875 0.04609375 0.05390625
2 0.4 0.303125 0.0515625 0.04140625
2 0.40546875 0.18046875 0.05859375 0.06171875
2 0.6171875 0.20390625 0.05703125 0.03984375
2 0.78671875 0.2078125 0.053125 0.053125
2 0.85546875 0.38125 0.0515625 0.05546875
2 0.51875 0.4359375 0.06015625 0.040625
2 0.1828125 0.346875 0.03515625 0.040625
2 0.06015625 0.53359375 0.028125 0.0609375
2 0.21328125 0.5296875 0.0421875 0.04375
2 0.2359375 0.71953125 0.05859375 0.0359375
2 0.46484375 0.57578125 0.0375 0.05390625
2 0.43125 0.63046875 0.034375 0.0515625
2 0.6546875 0.64765625 0.05546875 0.0421875
2 0.55390625 0.5234375 0.0515625 0.05703125
2 0.51796875 0.4375 0.08046875 0.04296875
2 0.6484375 0.5046875 0.05 0.0515625
2 0.70390625 0.4828125 0.01796875 0.0328125
2 0.68984375 0.64296875 0.040625 0.07421875
2 0.75234375 0.78828125 0.05234375 0.053125
2 0.51953125 0.78984375 0.0796875 0.06328125
2 0.4703125 0.71640625 0.0484375 0.034375
2 0.353125 0.7796875 0.0453125 0.034375