3 0.5 0.5015625 0.90625 0.9625
2 0.25546875 0.7578125 0.0546875 0.046875
2 0.303125 0.6 0.040625 0.05
2 0.18046875 0.59453125 0.0609375 0.0578125
2 0.20390625 0.3828125 0.0390625 0.05625
2 0.2078125 0.21328125 0.053125 0.053125
2 0.38125 0.14453125 0.05625 0.0515625
2 0.4359375 0.48125 0.040625 0.059375
2 0.346875 0.8171875 0.040625 0.034375
2 0.53359375 0.93984375 0.0609375 0.028125
2 0.5296875 0.78671875 0.04375 0.0421875
2 0.71953125 0.7640625 0.0359375 0.059375
2 0.57578125 0.53515625 0.0546875 0.0375
2 0.63046875 0.56875 0.0515625 0.034375
2 0.64765625 0.3453125 0.0421875 0.05625
2 0.5234375 0.44609375 0.05625 0.0515625
2 0.4375 0.48203125 0.04375 0.0796875
2 0.5046875 0.3515625 0.053125 0.05
2 0.4828125 0.29609375 0.034375 0.0171875
2 0.64296875 0.31015625 0.0734375 0.040625
2 0.78828125 0.24765625 0.053125 0.0515625
2 0.78984375 0.48046875 0.0640625 0.0796875
2 0.71640625 0.5296875 0.034375 0.046875
2 0.7796875 0.646875 0.034375 0.04375