3 0.5 0.5 1 1
2 0.2828125 0.77109375 0.1515625 0.13984375
2 0.06640625 0.596875 0.1328125 0.13828125
2 0.07890625 0.33984375 0.15234375 0.1703125
2 0.84453125 0.25625 0.16953125 0.13359375
2 0.91015625 0.46015625 0.153125 0.17265625
2 0.80703125 0.6875 0.15859375 0.13359375
2 0.50234375 0.246875 0.11015625 0.1546875
2 0.5703125 0.07734375 0.09765625 0.078125
2 0.559375 0.50625 0.1109375 0.05625
2 0.553125 0.79921875 0.10625 0.1109375
1 0.2328125 0.63203125 0.0703125 0.06875
1 0.9453125 0.36796875 0.06640625 0.0484375