3 0.5 0.55703125 1 0.8859375
2 0.0828125 0.9421875 0.16484375 0.1109375
2 0.14375 0.62265625 0.1671875 0.1109375
2 0.34375 0.6203125 0.0875 0.09453125
2 0.11171875 0.4265625 0.1234375 0.05859375
2 0.3984375 0.45625 0.13203125 0.0828125
2 0.525 0.32734375 0.13515625 0.059375
2 0.25390625 0.309375 0.08203125 0.05390625
2 0.165625 0.24609375 0.109375 0.06640625
2 0.2578125 0.1859375 0.10703125 0.04453125
2 0.41796875 0.21328125 0.07421875 0.065625
2 0.60625 0.2046875 0.1171875 0.06953125
2 0.59296875 0.2671875 0.11953125 0.04453125
2 0.184375 0.49921875 0.1 0.08125
2 0.0359375 0.38203125 0.065625 0.07265625
2 0.3046875 0.3671875 0.05 0.03515625