3 0.5 0.44296875 1 0.8859375
2 0.9171875 0.0578125 0.165625 0.109375
2 0.85625 0.37734375 0.16875 0.1109375
2 0.65625 0.3796875 0.0875 0.09375
2 0.88828125 0.5734375 0.1234375 0.059375
2 0.6015625 0.54375 0.13125 0.08125
2 0.475 0.67265625 0.134375 0.059375
2 0.74609375 0.690625 0.0828125 0.053125
2 0.834375 0.75390625 0.109375 0.0671875
2 0.7421875 0.8140625 0.10625 0.04375
2 0.58203125 0.78671875 0.0734375 0.065625
2 0.39375 0.7953125 0.1171875 0.06875
2 0.40703125 0.7328125 0.1203125 0.04375
2 0.815625 0.50078125 0.1 0.08125
2 0.9640625 0.61796875 0.065625 0.0734375
2 0.6953125 0.6328125 0.05 0.034375