3 0.4859375 0.5 0.971875 1
0 0.790625 0.1796875 0.04375 0.021875
0 0.60078125 0.06484375 0.0296875 0.0328125
0 0.74375 0.23203125 0.025 0.0359375
0 0.7609375 0.321875 0.015625 0.015625
0 0.790625 0.5921875 0.021875 0.046875
0 0.82890625 0.65390625 0.021875 0.0265625
0 0.91328125 0.62265625 0.034375 0.0234375
0 0.74375 0.23203125 0.025 0.0359375
0 0.6546875 0.578125 0.025 0.015625
0 0.73203125 0.75546875 0.0265625 0.0171875
0 0.796875 0.83515625 0.009375 0.0140625
0 0.69609375 0.8859375 0.0078125 0.040625
0 0.7109375 0.8328125 0.0125 0.01875
0 0.5953125 0.71015625 0.021875 0.0171875
0 0.56640625 0.6984375 0.0140625 0.015625
0 0.49453125 0.7140625 0.0390625 0.025
0 0.56171875 0.57578125 0.0265625 0.0296875
0 0.5359375 0.37734375 0.01875 0.0109375
0 0.5 0.4953125 0.0125 0.021875
0 0.47734375 0.56953125 0.0328125 0.0328125
0 0.44296875 0.75625 0.01875 0.025
0 0.42578125 0.64921875 0.0546875 0.0234375
0 0.43984375 0.72890625 0.0234375 0.0203125
0 0.44140625 0.88984375 0.0390625 0.0203125
0 0.3765625 0.69453125 0.028125 0.0453125
0 0.703125 0.44375 0.021875 0.0125
0 0.496875 0.1703125 0.025 0.028125
0 0.54921875 0.1703125 0.01875 0.015625
0 0.5265625 0.19609375 0.025 0.0140625
0 0.45390625 0.2765625 0.01875 0.028125
0 0.534375 0.2578125 0.0125 0.009375
0 0.359375 0.44609375 0.03125 0.0328125
0 0.2515625 0.475 0.015625 0.021875
0 0.2625 0.5671875 0.021875 0.01875
0 0.21875 0.36875 0.025 0.04375
0 0.36328125 0.12265625 0.015625 0.0140625
0 0.4265625 0.17890625 0.015625 0.0265625