3 0.5 0.5140625 1 0.97109375
0 0.1796875 0.209375 0.0234375 0.04296875
0 0.06484375 0.39921875 0.03203125 0.03046875
0 0.23203125 0.25625 0.03671875 0.02578125
0 0.321875 0.2390625 0.01640625 0.01640625
0 0.5921875 0.209375 0.0453125 0.02265625
0 0.65390625 0.17109375 0.02734375 0.021875
0 0.62265625 0.08671875 0.02421875 0.034375
0 0.23203125 0.25625 0.0359375 0.02578125
0 0.578125 0.3453125 0.01640625 0.02578125
0 0.75546875 0.26796875 0.0171875 0.0265625
0 0.83515625 0.203125 0.0140625 0.01015625
0 0.8859375 0.30390625 0.0421875 0.00859375
0 0.8328125 0.2890625 0.01953125 0.0125
0 0.71015625 0.4046875 0.01640625 0.02109375
0 0.6984375 0.43359375 0.01640625 0.01484375
0 0.7140625 0.50546875 0.025 0.0390625
0 0.57578125 0.43828125 0.02890625 0.02734375
0 0.37734375 0.4640625 0.0109375 0.01875
0 0.4953125 0.5 0.021875 0.0140625
0 0.56953125 0.52265625 0.03203125 0.03203125
0 0.75625 0.55703125 0.0265625 0.01875
0 0.64921875 0.57421875 0.0234375 0.0546875
0 0.72890625 0.56015625 0.01953125 0.02421875
0 0.88984375 0.55859375 0.01953125 0.0390625
0 0.69453125 0.6234375 0.04609375 0.02890625
0 0.44375 0.296875 0.01328125 0.021875
0 0.1703125 0.503125 0.0265625 0.0234375
0 0.1703125 0.45078125 0.015625 0.01875
0 0.19609375 0.4734375 0.0140625 0.025
0 0.2765625 0.54609375 0.02734375 0.01875
0 0.2578125 0.465625 0.0078125 0.0125
0 0.44609375 0.640625 0.03203125 0.03046875
0 0.475 0.7484375 0.021875 0.01484375
0 0.5671875 0.7375 0.01875 0.021875
0 0.36875 0.78125 0.0453125 0.0265625
0 0.12265625 0.63671875 0.01328125 0.015625
0 0.17890625 0.5734375 0.0265625 0.0171875