3 0.5 0.4859375 1 0.971875
0 0.8203125 0.790625 0.021875 0.04375
0 0.93515625 0.60078125 0.0328125 0.0296875
0 0.76796875 0.74375 0.0359375 0.025
0 0.678125 0.7609375 0.015625 0.015625
0 0.4078125 0.790625 0.046875 0.021875
0 0.34609375 0.82890625 0.0265625 0.021875
0 0.37734375 0.91328125 0.0234375 0.034375
0 0.76796875 0.74375 0.0359375 0.025
0 0.421875 0.6546875 0.015625 0.025
0 0.24453125 0.73203125 0.0171875 0.0265625
0 0.16484375 0.796875 0.0140625 0.009375
0 0.1140625 0.69609375 0.040625 0.0078125
0 0.1671875 0.7109375 0.01875 0.0125
0 0.28984375 0.5953125 0.0171875 0.021875
0 0.3015625 0.56640625 0.015625 0.0140625
0 0.2859375 0.49453125 0.025 0.0390625
0 0.42421875 0.56171875 0.0296875 0.0265625
0 0.62265625 0.5359375 0.0109375 0.01875
0 0.5046875 0.5 0.021875 0.0125
0 0.43046875 0.47734375 0.0328125 0.0328125
0 0.24375 0.44296875 0.025 0.01875
0 0.35078125 0.42578125 0.0234375 0.0546875
0 0.27109375 0.43984375 0.0203125 0.0234375
0 0.11015625 0.44140625 0.0203125 0.0390625
0 0.30546875 0.3765625 0.0453125 0.028125
0 0.55625 0.703125 0.0125 0.021875
0 0.8296875 0.496875 0.028125 0.025
0 0.8296875 0.54921875 0.015625 0.01875
0 0.80390625 0.5265625 0.0140625 0.025
0 0.7234375 0.45390625 0.028125 0.01875
0 0.7421875 0.534375 0.009375 0.0125
0 0.55390625 0.359375 0.0328125 0.03125
0 0.525 0.2515625 0.021875 0.015625
0 0.4328125 0.2625 0.01875 0.021875
0 0.63125 0.21875 0.04375 0.025
0 0.87734375 0.36328125 0.0140625 0.015625
0 0.82109375 0.4265625 0.0265625 0.015625