3 0.35625 0.5125 0.525 0.65625
2 0.3921875 0.240625 0.034375 0.040625
2 0.44140625 0.2578125 0.0375 0.034375
2 0.48671875 0.3 0.0328125 0.0375
2 0.4328125 0.31796875 0.03125 0.0359375
2 0.38671875 0.315625 0.0328125 0.04375
2 0.334375 0.26640625 0.034375 0.05
2 0.28984375 0.28125 0.0296875 0.04375
2 0.25625 0.34921875 0.0375 0.0484375
2 0.34609375 0.3171875 0.0328125 0.040625
2 0.3828125 0.3546875 0.034375 0.040625
2 0.47265625 0.35078125 0.034375 0.0390625
2 0.521875 0.32421875 0.03125 0.034375
2 0.546875 0.359375 0.025 0.03125
2 0.5140625 0.3734375 0.03125 0.040625
2 0.45859375 0.39140625 0.0296875 0.0375
2 0.43046875 0.3640625 0.0359375 0.040625
2 0.35390625 0.3734375 0.0328125 0.04375
2 0.3125 0.35625 0.0375 0.04375
2 0.22265625 0.378125 0.0421875 0.05625
2 0.19296875 0.43671875 0.040625 0.053125
2 0.2421875 0.4515625 0.04375 0.046875
2 0.27109375 0.3984375 0.0421875 0.046875
2 0.3078125 0.4125 0.046875 0.046875
2 0.36171875 0.42109375 0.0328125 0.0453125
2 0.40546875 0.4 0.0375 0.0375
2 0.49140625 0.425 0.0390625 0.04375
2 0.4265625 0.4359375 0.03125 0.040625
2 0.38984375 0.45 0.0296875 0.040625
2 0.3609375 0.49453125 0.0375 0.0421875
2 0.328125 0.4578125 0.034375 0.040625
2 0.278125 0.471875 0.0375 0.046875
2 0.3109375 0.49296875 0.040625 0.0453125
2 0.40234375 0.5359375 0.0375 0.040625
2 0.44375 0.5296875 0.034375 0.034375
2 0.471875 0.48671875 0.03125 0.0421875
2 0.51484375 0.46953125 0.0453125 0.0359375
2 0.5390625 0.40390625 0.034375 0.0359375
2 0.5671875 0.41640625 0.025 0.0359375
2 0.584375 0.46953125 0.028125 0.034375
2 0.55390625 0.4609375 0.025 0.046875
2 0.546875 0.50703125 0.0375 0.03125
2 0.478125 0.55390625 0.025 0.0390625
2 0.5046875 0.5125 0.046875 0.0375
2 0.2390625 0.51875 0.040625 0.04375
2 0.190625 0.54609375 0.03125 0.0484375
2 0.19765625 0.603125 0.0421875 0.05
2 0.25078125 0.57890625 0.0421875 0.0421875
2 0.296875 0.575 0.028125 0.04375
2 0.328125 0.55078125 0.0375 0.0421875
2 0.2859375 0.525 0.034375 0.04375
2 0.36640625 0.58671875 0.0375 0.0453125
2 0.40546875 0.621875 0.03125 0.053125
2 0.35390625 0.6453125 0.0390625 0.059375
2 0.321875 0.63203125 0.0375 0.0484375
2 0.3828125 0.6765625 0.04375 0.040625
2 0.4421875 0.64453125 0.03125 0.0390625
2 0.44140625 0.59765625 0.0296875 0.0421875
2 0.47109375 0.60546875 0.03125 0.0359375
2 0.5 0.56171875 0.021875 0.0375
2 0.5390625 0.55390625 0.028125 0.0359375
2 0.590625 0.5140625 0.034375 0.03125
2 0.575 0.55703125 0.03125 0.028125
2 0.515625 0.5890625 0.03125 0.034375
2 0.5609375 0.59453125 0.034375 0.0296875
2 0.546875 0.628125 0.028125 0.028125
2 0.49296875 0.63046875 0.025 0.0359375
2 0.521875 0.665625 0.025 0.03125
2 0.49921875 0.7078125 0.03125 0.034375
2 0.4765625 0.66796875 0.028125 0.0390625
2 0.22734375 0.62421875 0.028125 0.021875
2 0.26640625 0.6390625 0.0421875 0.05625
2 0.2203125 0.6734375 0.0375 0.04375
2 0.2421875 0.70703125 0.040625 0.0484375
2 0.30234375 0.696875 0.025 0.05
2 0.32578125 0.7109375 0.0328125 0.04375
2 0.36015625 0.721875 0.0390625 0.040625
2 0.40078125 0.715625 0.0359375 0.04375
2 0.4484375 0.70546875 0.028125 0.046875
2 0.41015625 0.7640625 0.0375 0.040625
2 0.36015625 0.77890625 0.0359375 0.040625
2 0.28125 0.76015625 0.028125 0.04375
2 0.31796875 0.76953125 0.0375 0.0453125
2 0.44765625 0.74296875 0.0296875 0.0296875