3 0.5125 0.64375 0.65625 0.5234375
2 0.240625 0.6078125 0.03984375 0.0328125
2 0.2578125 0.55859375 0.0359375 0.0375
2 0.3 0.51328125 0.03671875 0.03359375
2 0.31796875 0.5671875 0.0359375 0.03046875
2 0.315625 0.61328125 0.04375 0.0328125
2 0.26640625 0.665625 0.05 0.034375
2 0.28125 0.71015625 0.0453125 0.0296875
2 0.34921875 0.74375 0.04765625 0.03671875
2 0.3171875 0.65390625 0.0421875 0.03203125
2 0.3546875 0.6171875 0.0390625 0.034375
2 0.35078125 0.52734375 0.03828125 0.034375
2 0.32421875 0.478125 0.034375 0.0328125
2 0.359375 0.453125 0.03046875 0.025
2 0.3734375 0.4859375 0.040625 0.03125
2 0.39140625 0.54140625 0.0375 0.03046875
2 0.3640625 0.56953125 0.03984375 0.03515625
2 0.3734375 0.64609375 0.04375 0.0328125
2 0.35625 0.6875 0.0453125 0.0359375
2 0.378125 0.77734375 0.05703125 0.04140625
2 0.43671875 0.80703125 0.053125 0.040625
2 0.4515625 0.7578125 0.046875 0.04453125
2 0.3984375 0.72890625 0.046875 0.04296875
2 0.4125 0.6921875 0.04609375 0.04609375
2 0.42109375 0.63828125 0.0453125 0.03359375
2 0.4 0.59453125 0.03828125 0.0375
2 0.425 0.50859375 0.0421875 0.03984375
2 0.4359375 0.5734375 0.040625 0.03203125
2 0.45 0.61015625 0.040625 0.0296875
2 0.49453125 0.6390625 0.0421875 0.0375
2 0.4578125 0.671875 0.040625 0.034375
2 0.471875 0.721875 0.04765625 0.03828125
2 0.49296875 0.6890625 0.0453125 0.040625
2 0.5359375 0.59765625 0.040625 0.0375
2 0.5296875 0.55625 0.03515625 0.03359375
2 0.48671875 0.528125 0.04296875 0.0296875
2 0.46953125 0.48515625 0.03671875 0.0453125
2 0.40390625 0.4609375 0.03671875 0.0328125
2 0.41640625 0.4328125 0.03671875 0.02421875
2 0.46953125 0.415625 0.034375 0.028125
2 0.4609375 0.44609375 0.04609375 0.025
2 0.50703125 0.453125 0.03125 0.0359375
2 0.55390625 0.521875 0.0390625 0.0265625
2 0.5125 0.4953125 0.0375 0.04765625
2 0.51875 0.7609375 0.04375 0.040625
2 0.54609375 0.809375 0.04765625 0.03203125
2 0.603125 0.80234375 0.0484375 0.04296875
2 0.57890625 0.74921875 0.0421875 0.04140625
2 0.575 0.703125 0.04296875 0.028125
2 0.55078125 0.671875 0.0421875 0.03671875
2 0.525 0.7140625 0.04296875 0.0359375
2 0.58671875 0.63359375 0.04609375 0.0375
2 0.621875 0.59453125 0.053125 0.03125
2 0.6453125 0.64609375 0.05859375 0.0390625
2 0.63203125 0.678125 0.0484375 0.03828125
2 0.6765625 0.6171875 0.040625 0.04453125
2 0.64453125 0.5578125 0.03984375 0.03125
2 0.59765625 0.55859375 0.0421875 0.0296875
2 0.60546875 0.52890625 0.0359375 0.03125
2 0.56171875 0.5 0.0375 0.02109375
2 0.55390625 0.4609375 0.0359375 0.028125
2 0.5140625 0.409375 0.03203125 0.03359375
2 0.55703125 0.425 0.028125 0.0328125
2 0.5890625 0.484375 0.034375 0.0296875
2 0.59453125 0.4390625 0.03046875 0.034375
2 0.628125 0.453125 0.02890625 0.02890625
2 0.63046875 0.50703125 0.0359375 0.025
2 0.665625 0.478125 0.03203125 0.02421875
2 0.7078125 0.50078125 0.034375 0.03125
2 0.66796875 0.5234375 0.03828125 0.028125
2 0.62421875 0.77265625 0.021875 0.028125
2 0.6390625 0.73359375 0.05546875 0.04296875
2 0.6734375 0.7796875 0.04453125 0.03671875
2 0.70703125 0.7578125 0.04921875 0.04140625
2 0.696875 0.69765625 0.05 0.025
2 0.7109375 0.67421875 0.04453125 0.0328125
2 0.721875 0.63984375 0.040625 0.0390625
2 0.715625 0.59921875 0.0453125 0.03671875
2 0.70546875 0.5515625 0.046875 0.0265625
2 0.7640625 0.58984375 0.0390625 0.0375
2 0.77890625 0.63984375 0.040625 0.03671875
2 0.76015625 0.71875 0.04375 0.02890625
2 0.76953125 0.68203125 0.04609375 0.0375
2 0.74296875 0.55234375 0.03046875 0.03046875