3 0.5 0.5859375 1 0.828125
0 0.56875 0.39765625 0.1765625 0.03984375
0 0.28671875 0.3984375 0.0640625 0.08828125
0 0.19765625 0.40546875 0.03359375 0.02890625
0 0.72265625 0.334375 0.09453125 0.05625
0 0.828125 0.39296875 0.0359375 0.0390625
0 0.32734375 0.18671875 0.36328125 0.09453125
0 0.3484375 0.28515625 0.05390625 0.08828125
0 0.25234375 0.27109375 0.11796875 0.046875
0 0.396875 0.3578125 0.11640625 0.05859375
0 0.60234375 0.24296875 0.03984375 0.0421875
0 0.653125 0.30859375 0.04609375 0.065625
0 0.90234375 0.41484375 0.11640625 0.03828125
0 0.1828125 0.040625 0.05234375 0.04609375
0 0.2453125 0.059375 0.06328125 0.0609375
3 0.5 0.11640625 1 0.23203125
0 0.46015625 0.06171875 0.24375 0.1234375
0 0.634375 0.01484375 0.03515625 0.0296875
0 0.64921875 0.08125 0.02578125 0.02734375
0 0.134375 0.125 0.028125 0.0453125
0 0.084375 0.0453125 0.04140625 0.02421875
0 0.0265625 0.240625 0.03515625 0.015625
0 0.109375 0.27265625 0.01484375 0.0234375
0 0.109375 0.33828125 0.0265625 0.0109375