3 0.4140625 0.5 0.828125 1
0 0.60234375 0.56875 0.0390625 0.175
0 0.6015625 0.28671875 0.0875 0.0640625
0 0.59453125 0.19765625 0.0296875 0.0328125
0 0.665625 0.72265625 0.05625 0.0953125
0 0.60703125 0.828125 0.0390625 0.0375
0 0.81328125 0.32734375 0.0953125 0.3640625
0 0.71484375 0.3484375 0.0890625 0.053125
0 0.72890625 0.25234375 0.046875 0.1171875
0 0.6421875 0.396875 0.059375 0.115625
0 0.75703125 0.60234375 0.0421875 0.0390625
0 0.69140625 0.653125 0.065625 0.046875
0 0.58515625 0.90234375 0.0390625 0.1171875
0 0.959375 0.1828125 0.046875 0.053125
0 0.940625 0.2453125 0.0625 0.0625
3 0.88359375 0.5 0.2328125 1
0 0.93828125 0.46015625 0.1234375 0.24375
0 0.98515625 0.634375 0.0296875 0.034375
0 0.91875 0.64921875 0.028125 0.0265625
0 0.875 0.134375 0.04375 0.028125
0 0.9546875 0.084375 0.025 0.040625
0 0.759375 0.0265625 0.015625 0.034375
0 0.72734375 0.109375 0.0234375 0.015625
0 0.66171875 0.109375 0.0109375 0.025