3 0.325 0.4421875 0.6453125 0.74921875
3 0.84296875 0.89375 0.3140625 0.2125
0 0.1203125 0.52734375 0.06640625 0.078125
0 0.31171875 0.41953125 0.06171875 0.04375
0 0.0203125 0.415625 0.03203125 0.06640625
0 0.1046875 0.234375 0.12890625 0.03984375
0 0.01875 0.25078125 0.03671875 0.1078125
0 0.01171875 0.15390625 0.015625 0.040625
0 0.15625 0.15234375 0.1171875 0.04921875
2 0.4390625 0.4046875 0.17109375 0.11484375
2 0.2859375 0.5265625 0.14453125 0.10078125
2 0.09296875 0.4546875 0.0984375 0.10078125
2 0.225 0.3890625 0.15546875 0.07890625
2 0.20859375 0.28671875 0.1640625 0.09296875
2 0.3046875 0.19921875 0.1515625 0.0890625
0 0.18359375 0.20390625 0.0140625 0.0140625
0 0.23984375 0.17734375 0.01328125 0.01875
0 0.38359375 0.2078125 0.02421875 0.01484375
0 0.365625 0.35390625 0.03125 0.0296875
0 0.3859375 0.49453125 0.0265625 0.0171875
0 0.153125 0.44140625 0.0140625 0.00703125
0 0.17890625 0.44453125 0.0265625 0.0203125
0 0.03671875 0.32265625 0.0328125 0.03515625
0 0.78125 0.92421875 0.04609375 0.07109375
0 0.9484375 0.88828125 0.0390625 0.03125
2 0.9140625 0.8765625 0.171875 0.1875
2 0.02890625 0.6515625 0.0421875 0.06015625