3 0.5578125 0.325 0.75 0.64375
3 0.10625 0.84296875 0.2125 0.3140625
0 0.47265625 0.1203125 0.078125 0.065625
0 0.58046875 0.31171875 0.04375 0.0609375
0 0.584375 0.0203125 0.065625 0.03125
0 0.765625 0.1046875 0.040625 0.128125
0 0.74921875 0.01875 0.1078125 0.0375
0 0.84609375 0.01171875 0.040625 0.015625
0 0.84765625 0.15625 0.0484375 0.11875
2 0.5953125 0.4390625 0.115625 0.171875
2 0.4734375 0.2859375 0.1 0.14375
2 0.5453125 0.09296875 0.1 0.0984375
2 0.6109375 0.225 0.078125 0.15625
2 0.71328125 0.20859375 0.0921875 0.1640625
2 0.80078125 0.3046875 0.0890625 0.153125
0 0.79609375 0.18359375 0.0140625 0.0140625
0 0.82265625 0.23984375 0.01875 0.0140625
0 0.7921875 0.38359375 0.015625 0.0234375
0 0.64609375 0.365625 0.0296875 0.03125
0 0.50546875 0.3859375 0.0171875 0.028125
0 0.55859375 0.153125 0.0078125 0.0125
0 0.55546875 0.17890625 0.0203125 0.0265625
0 0.67734375 0.03671875 0.0359375 0.0328125
0 0.07578125 0.78125 0.0703125 0.046875
0 0.11171875 0.9484375 0.03125 0.040625
2 0.1234375 0.9140625 0.1875 0.171875
2 0.3484375 0.02890625 0.059375 0.0421875