2 0.5265625 0.13828125 0.16875 0.1984375
2 0.6109375 0.328125 0.128125 0.16875
2 0.7484375 0.1578125 0.121875 0.121875
2 0.7234375 0.315625 0.103125 0.14375
2 0.93203125 0.30234375 0.0859375 0.1296875
2 0.84609375 0.44765625 0.109375 0.1421875
2 0.92734375 0.546875 0.096875 0.09375
2 0.60703125 0.94609375 0.1453125 0.1078125
2 0.45703125 0.725 0.1765625 0.18125
2 0.575 0.80546875 0.128125 0.146875
2 0.1859375 0.671875 0.253125 0.2375
2 0.21171875 0.290625 0.2859375 0.225
2 0.46953125 0.41953125 0.1265625 0.146875
2 0.48125 0.5734375 0.15 0.090625
3 0.5 0.5 1 1