2 0.13828125 0.4734375 0.19765625 0.16796875
2 0.328125 0.3890625 0.16796875 0.128125
2 0.1578125 0.2515625 0.121875 0.12265625
2 0.315625 0.2765625 0.14375 0.103125
2 0.30234375 0.06796875 0.12890625 0.08515625
2 0.44765625 0.15390625 0.1421875 0.109375
2 0.546875 0.07265625 0.09375 0.096875
2 0.94609375 0.39296875 0.10703125 0.14453125
2 0.725 0.54296875 0.18203125 0.1765625
2 0.80546875 0.425 0.146875 0.12734375
2 0.671875 0.8140625 0.2375 0.2515625
2 0.290625 0.78828125 0.2265625 0.28671875
2 0.41953125 0.53046875 0.146875 0.12578125
2 0.5734375 0.51875 0.09140625 0.15
3 0.5 0.5 1 1