3 0.5 0.4390625 1 0.734375
3 0.1265625 0.0484375 0.253125 0.096875
3 0.5171875 0.07109375 0.5125 0.1421875
3 0.8375 0.06796875 0.325 0.1359375
2 0.0796875 0.3953125 0.159375 0.203125
2 0.15859375 0.46015625 0.1078125 0.0640625
2 0.21875 0.50546875 0.28125 0.0703125
2 0.028125 0.16953125 0.05625 0.0609375
2 0.18203125 0.24375 0.0765625 0.06875
2 0.01640625 0.2171875 0.0328125 0.059375
2 0.0859375 0.23203125 0.084375 0.0421875
2 0.27734375 0.29921875 0.0671875 0.0640625
2 0.4109375 0.509375 0.203125 0.115625
2 0.39609375 0.43046875 0.1921875 0.0828125
2 0.4609375 0.6078125 0.078125 0.059375
2 0.65390625 0.56171875 0.253125 0.1703125
2 0.5796875 0.44140625 0.15 0.053125
2 0.84609375 0.5421875 0.1546875 0.096875
2 0.93515625 0.48671875 0.1296875 0.0765625
2 0.784375 0.4390625 0.090625 0.065625
2 0.9578125 0.40625 0.05625 0.065625
2 0.86328125 0.36796875 0.0484375 0.040625
2 0.76640625 0.2671875 0.0515625 0.0375
2 0.43203125 0.30625 0.0921875 0.078125
2 0.3640625 0.24375 0.059375 0.04375
2 0.28359375 0.21171875 0.0515625 0.0625
2 0.2421875 0.1375 0.034375 0.0625
2 0.15546875 0.1765625 0.0265625 0.046875
2 0.91015625 0.259375 0.0359375 0.0375
2 0.94765625 0.3375 0.0296875 0.01875
2 0.940625 0.30390625 0.015625 0.0375
2 0.6265625 0.18359375 0.125 0.0578125
2 0.515625 0.221875 0.03125 0.05
2 0.40703125 0.1953125 0.0546875 0.021875
2 0.975 0.2734375 0.04375 0.046875
2 0.44296875 0.1875 0.0203125 0.053125