3 0.5609375 0.5 0.734375 1
3 0.9515625 0.1265625 0.096875 0.253125
3 0.92890625 0.5171875 0.1421875 0.5125
3 0.93203125 0.8375 0.1359375 0.325
2 0.6046875 0.0796875 0.203125 0.159375
2 0.53984375 0.15859375 0.0640625 0.1078125
2 0.49453125 0.21875 0.0703125 0.28125
2 0.83046875 0.028125 0.0609375 0.05625
2 0.75625 0.18203125 0.06875 0.0765625
2 0.7828125 0.01640625 0.059375 0.0328125
2 0.76796875 0.0859375 0.0421875 0.084375
2 0.70078125 0.27734375 0.0640625 0.0671875
2 0.490625 0.4109375 0.115625 0.203125
2 0.56953125 0.39609375 0.0828125 0.1921875
2 0.3921875 0.4609375 0.059375 0.078125
2 0.43828125 0.65390625 0.1703125 0.253125
2 0.55859375 0.5796875 0.053125 0.15
2 0.4578125 0.84609375 0.096875 0.1546875
2 0.51328125 0.93515625 0.0765625 0.1296875
2 0.5609375 0.784375 0.065625 0.090625
2 0.59375 0.9578125 0.065625 0.05625
2 0.63203125 0.86328125 0.040625 0.0484375
2 0.7328125 0.76640625 0.0375 0.0515625
2 0.69375 0.43203125 0.078125 0.0921875
2 0.75625 0.3640625 0.04375 0.059375
2 0.78828125 0.28359375 0.0625 0.0515625
2 0.8625 0.2421875 0.0625 0.034375
2 0.8234375 0.15546875 0.046875 0.0265625
2 0.740625 0.91015625 0.0375 0.0359375
2 0.6625 0.94765625 0.01875 0.0296875
2 0.69609375 0.940625 0.0375 0.015625
2 0.81640625 0.6265625 0.0578125 0.125
2 0.778125 0.515625 0.05 0.03125
2 0.8046875 0.40703125 0.021875 0.0546875
2 0.7265625 0.975 0.046875 0.04375
2 0.8125 0.44296875 0.053125 0.0203125