3 0.4765625 0.50546875 0.953125 0.9890625
2 0.60625 0.7015625 0.11875 0.11875
2 0.5046875 0.76015625 0.1 0.10625
2 0.66953125 0.61875 0.0890625 0.090625
2 0.43203125 0.56171875 0.071875 0.053125
2 0.53515625 0.56953125 0.0703125 0.0921875
2 0.64921875 0.54609375 0.1015625 0.0390625
2 0.746875 0.56875 0.0875 0.03125
2 0.721875 0.50078125 0.06875 0.0453125
2 0.7015625 0.4265625 0.121875 0.090625
2 0.646875 0.4546875 0.096875 0.121875
2 0.4875 0.45625 0.08125 0.059375
2 0.453125 0.4359375 0.06875 0.071875
2 0.33515625 0.4125 0.1078125 0.0625
2 0.15546875 0.3859375 0.0671875 0.090625
2 0.25390625 0.35390625 0.09375 0.0875
2 0.2828125 0.25078125 0.078125 0.0875
2 0.578125 0.175 0.1 0.05
2 0.63984375 0.20390625 0.0421875 0.090625
2 0.64453125 0.290625 0.065625 0.059375
2 0.54609375 0.3078125 0.0671875 0.071875
2 0.53828125 0.24140625 0.040625 0.0484375
2 0.34765625 0.509375 0.0703125 0.05625
2 0.38046875 0.52734375 0.0359375 0.0578125
2 0.309375 0.65703125 0.046875 0.0515625
2 0.31640625 0.80390625 0.0671875 0.0578125
2 0.165625 0.67890625 0.0375 0.0328125
2 0.184375 0.55390625 0.053125 0.0296875
2 0.1734375 0.60234375 0.028125 0.0359375
2 0.25546875 0.471875 0.0796875 0.028125
2 0.26171875 0.6921875 0.0421875 0.04375
2 0.24140625 0.6171875 0.0515625 0.04375
2 0.278125 0.55546875 0.1 0.0484375
2 0.56171875 0.81484375 0.0796875 0.0890625
2 0.11484375 0.4359375 0.0421875 0.03125
2 0.40234375 0.34296875 0.1546875 0.1046875
2 0.484375 0.228125 0.059375 0.05625
2 0.41796875 0.215625 0.0390625 0.0375
2 0.4796875 0.165625 0.075 0.040625
2 0.5015625 0.125 0.0375 0.01875