3 0.49453125 0.4765625 0.9890625 0.953125
2 0.2984375 0.60625 0.11875 0.1203125
2 0.23984375 0.5046875 0.10625 0.10078125
2 0.38125 0.66953125 0.09140625 0.0890625
2 0.43828125 0.43203125 0.053125 0.071875
2 0.43046875 0.53515625 0.09296875 0.0703125
2 0.45390625 0.64921875 0.0390625 0.10234375
2 0.43125 0.746875 0.0296875 0.0890625
2 0.49921875 0.721875 0.04609375 0.06796875
2 0.5734375 0.7015625 0.08984375 0.12109375
2 0.5453125 0.646875 0.12109375 0.096875
2 0.54375 0.4875 0.059375 0.0796875
2 0.5640625 0.453125 0.071875 0.0671875
2 0.5875 0.33515625 0.06328125 0.10859375
2 0.6140625 0.15546875 0.09140625 0.0671875
2 0.64609375 0.25390625 0.0875 0.09375
2 0.74921875 0.2828125 0.0875 0.07890625
2 0.825 0.578125 0.04921875 0.10078125
2 0.79609375 0.63984375 0.090625 0.04296875
2 0.709375 0.64453125 0.05859375 0.065625
2 0.6921875 0.54609375 0.071875 0.06640625
2 0.75859375 0.53828125 0.04921875 0.040625
2 0.490625 0.34765625 0.0578125 0.0703125
2 0.47265625 0.38046875 0.05859375 0.03671875
2 0.34296875 0.309375 0.05078125 0.04609375
2 0.19609375 0.31640625 0.0578125 0.06640625
2 0.32109375 0.165625 0.0328125 0.0375
2 0.44609375 0.184375 0.02890625 0.05234375
2 0.39765625 0.1734375 0.03515625 0.0296875
2 0.528125 0.25546875 0.02734375 0.07890625
2 0.3078125 0.26171875 0.04296875 0.0421875
2 0.3828125 0.24140625 0.04296875 0.0515625
2 0.44453125 0.278125 0.04921875 0.0984375
2 0.18515625 0.56171875 0.0890625 0.08046875
2 0.5640625 0.11484375 0.03125 0.0421875
2 0.65703125 0.40234375 0.1046875 0.15546875
2 0.771875 0.484375 0.05703125 0.06015625
2 0.784375 0.41796875 0.0390625 0.03984375
2 0.834375 0.4796875 0.04140625 0.07421875
2 0.875 0.5015625 0.0203125 0.03828125