3 0.5234375 0.49453125 0.953125 0.9890625
2 0.39375 0.2984375 0.11875 0.11875
2 0.4953125 0.23984375 0.1 0.10625
2 0.33046875 0.38125 0.0890625 0.090625
2 0.56796875 0.43828125 0.071875 0.053125
2 0.46484375 0.43046875 0.0703125 0.0921875
2 0.35078125 0.45390625 0.1015625 0.0390625
2 0.253125 0.43125 0.0875 0.03125
2 0.278125 0.49921875 0.06875 0.0453125
2 0.2984375 0.5734375 0.121875 0.090625
2 0.353125 0.5453125 0.096875 0.121875
2 0.5125 0.54375 0.08125 0.059375
2 0.546875 0.5640625 0.06875 0.071875
2 0.66484375 0.5875 0.1078125 0.0625
2 0.84453125 0.6140625 0.0671875 0.090625
2 0.74609375 0.64609375 0.09375 0.0875
2 0.7171875 0.74921875 0.078125 0.0875
2 0.421875 0.825 0.1 0.05
2 0.36015625 0.79609375 0.0421875 0.090625
2 0.35546875 0.709375 0.065625 0.059375
2 0.45390625 0.6921875 0.0671875 0.071875
2 0.46171875 0.75859375 0.040625 0.0484375
2 0.65234375 0.490625 0.0703125 0.05625
2 0.61953125 0.47265625 0.0359375 0.0578125
2 0.690625 0.34296875 0.046875 0.0515625
2 0.68359375 0.19609375 0.0671875 0.0578125
2 0.834375 0.32109375 0.0375 0.0328125
2 0.815625 0.44609375 0.053125 0.0296875
2 0.8265625 0.39765625 0.028125 0.0359375
2 0.74453125 0.528125 0.0796875 0.028125
2 0.73828125 0.3078125 0.0421875 0.04375
2 0.75859375 0.3828125 0.0515625 0.04375
2 0.721875 0.44453125 0.1 0.0484375
2 0.43828125 0.18515625 0.0796875 0.0890625
2 0.88515625 0.5640625 0.0421875 0.03125
2 0.59765625 0.65703125 0.1546875 0.1046875
2 0.515625 0.771875 0.059375 0.05625
2 0.58203125 0.784375 0.0390625 0.0375
2 0.5203125 0.834375 0.075 0.040625
2 0.4984375 0.875 0.0375 0.01875