3 0.5 0.5609375 1 0.878125
2 0.08984375 0.3234375 0.1703125 0.125
2 0.11953125 0.46171875 0.234375 0.1375
2 0.5765625 0.70234375 0.253125 0.1890625
2 0.85703125 0.67734375 0.2453125 0.2140625
2 0.465625 0.4734375 0.20625 0.128125
2 0.28203125 0.3 0.1765625 0.11875
2 0.41171875 0.23828125 0.0765625 0.1109375
2 0.5359375 0.13046875 0.121875 0.0484375
2 0.57109375 0.3546875 0.1828125 0.121875
2 0.79921875 0.35859375 0.2046875 0.1046875
2 0.25234375 0.578125 0.2390625 0.178125
2 0.64609375 0.1546875 0.1671875 0.059375
2 0.83203125 0.20390625 0.1578125 0.1125
2 0.3625 0.38125 0.18125 0.11875
2 0.6859375 0.4609375 0.203125 0.14375
2 0.91796875 0.3 0.1640625 0.103125
2 0.946875 0.21015625 0.10625 0.071875
2 0.88515625 0.465625 0.2203125 0.140625
2 0.2453125 0.9328125 0.103125 0.053125