3 0.4390625 0.5 0.878125 1
2 0.6765625 0.08984375 0.125 0.1703125
2 0.53828125 0.11953125 0.1375 0.234375
2 0.29765625 0.5765625 0.1890625 0.253125
2 0.32265625 0.85703125 0.2140625 0.2453125
2 0.5265625 0.465625 0.128125 0.20625
2 0.7 0.28203125 0.11875 0.1765625
2 0.76171875 0.41171875 0.1109375 0.0765625
2 0.86953125 0.5359375 0.0484375 0.121875
2 0.6453125 0.57109375 0.121875 0.1828125
2 0.64140625 0.79921875 0.1046875 0.2046875
2 0.421875 0.25234375 0.178125 0.2390625
2 0.8453125 0.64609375 0.059375 0.1671875
2 0.79609375 0.83203125 0.1125 0.1578125
2 0.61875 0.3625 0.11875 0.18125
2 0.5390625 0.6859375 0.14375 0.203125
2 0.7 0.91796875 0.103125 0.1640625
2 0.78984375 0.946875 0.071875 0.10625
2 0.534375 0.88515625 0.140625 0.2203125
2 0.0671875 0.2453125 0.053125 0.103125