3 0.5 0.5609375 1 0.878125
2 0.08984375 0.3234375 0.16953125 0.12578125
2 0.11953125 0.46171875 0.234375 0.1375
2 0.5765625 0.70234375 0.25390625 0.18828125
2 0.85703125 0.67734375 0.24609375 0.21328125
2 0.465625 0.4734375 0.20546875 0.1296875
2 0.28203125 0.3 0.1765625 0.11796875
2 0.41171875 0.23828125 0.0765625 0.11015625
2 0.5359375 0.13046875 0.1203125 0.04765625
2 0.57109375 0.3546875 0.18203125 0.12265625
2 0.79921875 0.35859375 0.2046875 0.1046875
2 0.25234375 0.578125 0.2390625 0.17890625
2 0.64609375 0.1546875 0.1671875 0.0578125
2 0.83203125 0.20390625 0.15703125 0.1125
2 0.3625 0.38125 0.18203125 0.11875
2 0.6859375 0.4609375 0.203125 0.14296875
2 0.91796875 0.3 0.1640625 0.10390625
2 0.946875 0.21015625 0.10625 0.071875
2 0.88515625 0.465625 0.2203125 0.140625
2 0.2453125 0.9328125 0.10234375 0.0546875