3 0.5 0.47109375 1 0.671875
2 0.30546875 0.57890625 0.17578125 0.115625
2 0.11953125 0.46015625 0.14765625 0.08203125
2 0.44296875 0.46875 0.15625 0.09921875
2 0.60546875 0.5984375 0.16875 0.11875
2 0.821875 0.525 0.16328125 0.11953125
2 0.65 0.36796875 0.128125 0.08359375
2 0.4 0.33046875 0.14296875 0.078125
2 0.16640625 0.30546875 0.12734375 0.06796875
2 0.31015625 0.22578125 0.09921875 0.06875
2 0.51015625 0.2109375 0.103125 0.08203125
2 0.70234375 0.23203125 0.1140625 0.059375
2 0.85546875 0.35 0.13828125 0.090625