3 0.45078125 0.5 0.7390625 1
0 0.46484375 0.8109375 0.04375 0.053125
0 0.51484375 0.69296875 0.0921875 0.1203125
0 0.3640625 0.80390625 0.08125 0.1671875
0 0.515625 0.5421875 0.0875 0.18125
0 0.4234375 0.5234375 0.084375 0.178125
0 0.45234375 0.58125 0.0546875 0.153125
0 0.34453125 0.31796875 0.05625 0.0765625
0 0.29375 0.1609375 0.015625 0.05
0 0.25625 0.3203125 0.065625 0.140625
0 0.48125 0.2984375 0.034375 0.065625
0 0.4640625 0.1453125 0.021875 0.190625
0 0.54375 0.1171875 0.125 0.234375
0 0.490625 0.053125 0.04375 0.09375
0 0.303125 0.7203125 0.05 0.18125
0 0.35859375 0.52265625 0.0546875 0.3390625
0 0.3140625 0.503125 0.059375 0.175
0 0.1921875 0.66640625 0.06875 0.146875
0 0.196875 0.284375 0.084375 0.3125
0 0.15546875 0.596875 0.0171875 0.040625
0 0.23828125 0.51328125 0.0234375 0.0328125
0 0.5171875 0.825 0.059375 0.053125
0 0.49765625 0.4015625 0.1140625 0.09375
0 0.5953125 0.38203125 0.04375 0.059375
0 0.31015625 0.06640625 0.0921875 0.0703125