2 0.26796875 0.7484375 0.215625 0.20703125
2 0.38984375 0.94765625 0.16953125 0.1046875
2 0.28515625 0.52578125 0.19296875 0.1875
2 0.2484375 0.2953125 0.2109375 0.2109375
2 0.3921875 0.05078125 0.18203125 0.1015625
2 0.68359375 0.071875 0.11796875 0.14296875
2 0.840625 0.128125 0.16640625 0.1828125
2 0.5734375 0.35546875 0.153125 0.24375
2 0.83203125 0.390625 0.1578125 0.1609375
2 0.60546875 0.54765625 0.15234375 0.16640625
2 0.78828125 0.5703125 0.16171875 0.1765625
2 0.53125 0.7453125 0.1640625 0.196875
2 0.70078125 0.76484375 0.1546875 0.19453125
2 0.6 0.94921875 0.175 0.10078125
3 0.5171875 0.5 0.93671875 1