3 0.5 0.45078125 1 0.7390625
0 0.1890625 0.46484375 0.053125 0.04375
0 0.30703125 0.51484375 0.1203125 0.0921875
0 0.19609375 0.3640625 0.1671875 0.08125
0 0.4578125 0.515625 0.18125 0.0875
0 0.4765625 0.4234375 0.178125 0.084375
0 0.41875 0.45234375 0.153125 0.0546875
0 0.68203125 0.34453125 0.0765625 0.05625
0 0.8390625 0.29375 0.05 0.015625
0 0.6796875 0.25625 0.140625 0.065625
0 0.7015625 0.48125 0.065625 0.034375
0 0.8546875 0.4640625 0.190625 0.021875
0 0.8828125 0.54375 0.234375 0.125
0 0.946875 0.490625 0.09375 0.04375
0 0.2796875 0.303125 0.18125 0.05
0 0.47734375 0.35859375 0.3390625 0.0546875
0 0.496875 0.3140625 0.175 0.059375
0 0.33359375 0.1921875 0.146875 0.06875
0 0.715625 0.196875 0.3125 0.084375
0 0.403125 0.15546875 0.040625 0.0171875
0 0.48671875 0.23828125 0.0328125 0.0234375
0 0.175 0.5171875 0.053125 0.059375
0 0.5984375 0.49765625 0.09375 0.1140625
0 0.61796875 0.5953125 0.059375 0.04375
0 0.93359375 0.31015625 0.0703125 0.0921875