2 0.2515625 0.26796875 0.20625 0.215625
2 0.05234375 0.38984375 0.1046875 0.1703125
2 0.47421875 0.28515625 0.1875 0.1921875
2 0.7046875 0.2484375 0.209375 0.209375
2 0.94921875 0.3921875 0.1015625 0.18125
2 0.928125 0.68359375 0.14375 0.1171875
2 0.871875 0.840625 0.18125 0.165625
2 0.64453125 0.5734375 0.24375 0.153125
2 0.609375 0.83203125 0.1625 0.1578125
2 0.45234375 0.60546875 0.1671875 0.1515625
2 0.4296875 0.78828125 0.178125 0.1609375
2 0.2546875 0.53125 0.196875 0.1625
2 0.23515625 0.70078125 0.1953125 0.1546875
2 0.05078125 0.6 0.1015625 0.175
3 0.5 0.5171875 1 0.9375