2 0.73203125 0.2515625 0.215625 0.20625
2 0.61015625 0.05234375 0.1703125 0.1046875
2 0.71484375 0.47421875 0.1921875 0.1875
2 0.7515625 0.7046875 0.209375 0.209375
2 0.6078125 0.94921875 0.18125 0.1015625
2 0.31640625 0.928125 0.1171875 0.14375
2 0.159375 0.871875 0.165625 0.18125
2 0.4265625 0.64453125 0.153125 0.24375
2 0.16796875 0.609375 0.1578125 0.1625
2 0.39453125 0.45234375 0.1515625 0.1671875
2 0.21171875 0.4296875 0.1609375 0.178125
2 0.46875 0.2546875 0.1625 0.196875
2 0.29921875 0.23515625 0.1546875 0.1953125
2 0.4 0.05078125 0.175 0.1015625
3 0.4828125 0.5 0.9375 1