3 0.5 0.45078125 1 0.73984375
0 0.1890625 0.46484375 0.05234375 0.04375
0 0.30703125 0.51484375 0.1203125 0.09140625
0 0.19609375 0.3640625 0.1671875 0.08125
0 0.4578125 0.515625 0.18203125 0.08828125
0 0.4765625 0.4234375 0.178125 0.08359375
0 0.41875 0.45234375 0.15234375 0.05390625
0 0.68203125 0.34453125 0.07578125 0.05625
0 0.8390625 0.29375 0.04921875 0.01640625
0 0.6796875 0.25625 0.13984375 0.065625
0 0.7015625 0.48125 0.06484375 0.03515625
0 0.8546875 0.4640625 0.18984375 0.02109375
0 0.8828125 0.54375 0.234375 0.12421875
0 0.946875 0.490625 0.09296875 0.04375
0 0.2796875 0.303125 0.18125 0.05078125
0 0.47734375 0.35859375 0.33984375 0.05390625
0 0.496875 0.3140625 0.175 0.05859375
0 0.33359375 0.1921875 0.146875 0.06796875
0 0.715625 0.196875 0.3109375 0.08359375
0 0.403125 0.15546875 0.03984375 0.0171875
0 0.48671875 0.23828125 0.03359375 0.0234375
0 0.175 0.5171875 0.053125 0.06015625
0 0.5984375 0.49765625 0.09375 0.11328125
0 0.61796875 0.5953125 0.059375 0.04375
0 0.93359375 0.31015625 0.0703125 0.09140625