3 0.65546875 0.65234375 0.6890625 0.6953125
0 0.62421875 0.86796875 0.1359375 0.0671875
0 0.4421875 0.7859375 0.059375 0.121875
0 0.40703125 0.62109375 0.1015625 0.1078125
0 0.615625 0.59453125 0.13125 0.09375
0 0.76328125 0.471875 0.18125 0.15625
0 0.70078125 0.58828125 0.03125 0.0578125
0 0.7484375 0.5328125 0.103125 0.14375
0 0.76953125 0.7953125 0.0734375 0.075
0 0.49375 0.81640625 0.15 0.0953125
0 0.54375 0.74140625 0.040625 0.053125
0 0.58515625 0.815625 0.0234375 0.053125
0 0.6375 0.64765625 0.15 0.171875
0 0.659375 0.496875 0.084375 0.034375
0 0.4546875 0.7 0.034375 0.05625
0 0.384375 0.6921875 0.028125 0.065625
0 0.84296875 0.596875 0.0703125 0.075