3 0.34765625 0.65546875 0.6953125 0.6890625
0 0.13203125 0.62421875 0.0671875 0.13671875
0 0.2140625 0.4421875 0.12265625 0.05859375
0 0.37890625 0.40703125 0.1078125 0.1015625
0 0.40546875 0.615625 0.09375 0.1296875
0 0.528125 0.76328125 0.1546875 0.18125
0 0.41171875 0.70078125 0.05859375 0.03125
0 0.4671875 0.7484375 0.14453125 0.1046875
0 0.2046875 0.76953125 0.07421875 0.07265625
0 0.18359375 0.49375 0.09453125 0.14921875
0 0.25859375 0.54375 0.053125 0.040625
0 0.184375 0.58515625 0.053125 0.0234375
0 0.35234375 0.6375 0.171875 0.14921875
0 0.503125 0.659375 0.034375 0.084375
0 0.3 0.4546875 0.05625 0.03359375
0 0.3078125 0.384375 0.0640625 0.02734375
0 0.403125 0.84296875 0.0765625 0.07109375