3 0.5 0.50078125 1 0.9984375
0 0.16015625 0.53515625 0.2390625 0.2671875
0 0.259375 0.221875 0.04375 0.125
0 0.6203125 0.0875 0.128125 0.1125
0 0.51484375 0.06875 0.0953125 0.1375
0 0.55234375 0.34453125 0.121875 0.1421875
0 0.3859375 0.37578125 0.103125 0.1
0 0.43984375 0.4875 0.0765625 0.259375
0 0.54921875 0.6078125 0.1546875 0.078125
0 0.6703125 0.659375 0.078125 0.1
0 0.5328125 0.6921875 0.0875 0.06875
0 0.7203125 0.47109375 0.075 0.0828125
0 0.44453125 0.81875 0.0421875 0.0375
0 0.76640625 0.53984375 0.0546875 0.0546875
0 0.80546875 0.6421875 0.0546875 0.096875
0 0.86640625 0.6625 0.0453125 0.03125
0 0.92578125 0.6546875 0.0484375 0.0875