3 0.50078125 0.5 0.9984375 1
0 0.53515625 0.83984375 0.2671875 0.23828125
0 0.221875 0.740625 0.1265625 0.04453125
0 0.0875 0.3796875 0.1140625 0.12890625
0 0.06875 0.48515625 0.13671875 0.0953125
0 0.34453125 0.44765625 0.14140625 0.121875
0 0.37578125 0.6140625 0.1 0.10390625
0 0.4875 0.56015625 0.25859375 0.07734375
0 0.6078125 0.45078125 0.07734375 0.15390625
0 0.659375 0.3296875 0.0984375 0.0765625
0 0.6921875 0.4671875 0.06796875 0.08671875
0 0.47109375 0.2796875 0.0828125 0.07578125
0 0.81875 0.55546875 0.03828125 0.04140625
0 0.53984375 0.23359375 0.05390625 0.05390625
0 0.6421875 0.19453125 0.0984375 0.0546875
0 0.6625 0.13359375 0.03046875 0.0453125
0 0.6546875 0.07421875 0.08828125 0.0484375