3 0.49921875 0.5 0.9984375 1
0 0.46484375 0.16015625 0.2671875 0.2390625
0 0.778125 0.259375 0.125 0.04375
0 0.9125 0.6203125 0.1125 0.128125
0 0.93125 0.51484375 0.1375 0.0953125
0 0.65546875 0.55234375 0.1421875 0.121875
0 0.62421875 0.3859375 0.1 0.103125
0 0.5125 0.43984375 0.259375 0.0765625
0 0.3921875 0.54921875 0.078125 0.1546875
0 0.340625 0.6703125 0.1 0.078125
0 0.3078125 0.5328125 0.06875 0.0875
0 0.52890625 0.7203125 0.0828125 0.075
0 0.18125 0.44453125 0.0375 0.0421875
0 0.46015625 0.76640625 0.0546875 0.0546875
0 0.3578125 0.80546875 0.096875 0.0546875
0 0.3375 0.86640625 0.03125 0.0453125
0 0.3453125 0.92578125 0.0875 0.0484375