3 0.5 0.5 1 1
2 0.740625 0.19765625 0.3125 0.2765625
2 0.98203125 0.27109375 0.0359375 0.1765625
2 0.465625 0.05546875 0.071875 0.0765625
2 0.228125 0.1328125 0.3875 0.259375
2 0.43203125 0.3140625 0.3265625 0.234375
2 0.48671875 0.546875 0.2859375 0.15625
2 0.8265625 0.61015625 0.2875 0.1484375
2 0.90546875 0.72109375 0.1890625 0.1109375
2 0.9296875 0.8421875 0.140625 0.115625
2 0.84453125 0.95625 0.2171875 0.075
2 0.590625 0.88203125 0.2 0.1109375
2 0.796875 0.8265625 0.128125 0.084375
2 0.50625 0.78984375 0.203125 0.0828125
2 0.525 0.6828125 0.25 0.140625
2 0.3171875 0.74296875 0.2 0.1171875
2 0.28984375 0.60234375 0.2421875 0.18125
2 0.178125 0.38984375 0.35625 0.2484375
2 0.81328125 0.40859375 0.3046875 0.1109375