3 0.5 0.5 1 1
2 0.259375 0.80234375 0.3125 0.2765625
2 0.01796875 0.72890625 0.0359375 0.1765625
2 0.534375 0.94453125 0.071875 0.0765625
2 0.771875 0.8671875 0.38828125 0.26015625
2 0.56796875 0.6859375 0.32734375 0.23359375
2 0.51328125 0.453125 0.2859375 0.15546875
2 0.1734375 0.38984375 0.28828125 0.14765625
2 0.09453125 0.27890625 0.18828125 0.11015625
2 0.0703125 0.1578125 0.13984375 0.115625
2 0.15546875 0.04375 0.21640625 0.07578125
2 0.409375 0.11796875 0.2 0.11171875
2 0.203125 0.1734375 0.12734375 0.08359375
2 0.49375 0.21015625 0.20390625 0.08359375
2 0.475 0.3171875 0.25 0.13984375
2 0.6828125 0.25703125 0.2 0.11640625
2 0.71015625 0.39765625 0.2421875 0.18125
2 0.821875 0.61015625 0.35546875 0.2484375
2 0.18671875 0.59140625 0.3046875 0.1109375