3 0.5 0.5 1 1
2 0.80234375 0.740625 0.2765625 0.3125
2 0.72890625 0.98203125 0.1765625 0.0359375
2 0.94453125 0.465625 0.0765625 0.071875
2 0.8671875 0.228125 0.259375 0.3875
2 0.6859375 0.43203125 0.234375 0.3265625
2 0.453125 0.48671875 0.15625 0.2859375
2 0.38984375 0.8265625 0.1484375 0.2875
2 0.27890625 0.90546875 0.1109375 0.1890625
2 0.1578125 0.9296875 0.115625 0.140625
2 0.04375 0.84453125 0.075 0.2171875
2 0.11796875 0.590625 0.1109375 0.2
2 0.1734375 0.796875 0.084375 0.128125
2 0.21015625 0.50625 0.0828125 0.203125
2 0.3171875 0.525 0.140625 0.25
2 0.25703125 0.3171875 0.1171875 0.2
2 0.39765625 0.28984375 0.18125 0.2421875
2 0.61015625 0.178125 0.2484375 0.35625
2 0.59140625 0.81328125 0.1109375 0.3046875