3 0.5 0.67265625 1 0.6546875
3 0.19140625 0.5171875 0.3828125 0.103125
2 0.31015625 0.8125 0.3265625 0.1296875
2 0.234375 0.94296875 0.40859375 0.090625
2 0.63828125 0.7125 0.28515625 0.10625
2 0.4421875 0.64921875 0.24375 0.084375
2 0.45234375 0.56171875 0.1375 0.08515625
2 0.6046875 0.5609375 0.146875 0.08828125
2 0.85703125 0.51171875 0.215625 0.1265625
2 0.81953125 0.62890625 0.18125 0.06484375
2 0.98828125 0.4953125 0.02265625 0.08203125
2 0.18359375 0.5328125 0.07890625 0.0421875
2 0.1359375 0.53515625 0.0375 0.0359375
2 0.06796875 0.553125 0.06953125 0.02421875