3 0.32734375 0.5 0.6546875 1
3 0.4828125 0.19140625 0.103125 0.3828125
2 0.1875 0.31015625 0.13125 0.3265625
2 0.05703125 0.234375 0.090625 0.409375
2 0.2875 0.63828125 0.10625 0.2859375
2 0.35078125 0.4421875 0.084375 0.24375
2 0.43828125 0.45234375 0.0859375 0.1375
2 0.4390625 0.6046875 0.0875 0.146875
2 0.48828125 0.85703125 0.1265625 0.215625
2 0.37109375 0.81953125 0.0640625 0.18125
2 0.5046875 0.98828125 0.08125 0.0234375
2 0.4671875 0.18359375 0.040625 0.0796875
2 0.46484375 0.1359375 0.0359375 0.0375
2 0.446875 0.06796875 0.025 0.0703125