3 0.475 0.5 0.815625 1
0 0.728125 0.8078125 0.05 0.1
0 0.74921875 0.88515625 0.0484375 0.0609375
0 0.7734375 0.81015625 0.046875 0.0421875
0 0.54296875 0.9390625 0.0734375 0.040625
0 0.65546875 0.94921875 0.040625 0.0265625
0 0.6109375 0.40078125 0.04375 0.2140625
0 0.5828125 0.22265625 0.084375 0.1359375
0 0.178125 0.45390625 0.021875 0.025
0 0.14296875 0.30625 0.05625 0.103125
0 0.103125 0.209375 0.040625 0.125
0 0.19375 0.1265625 0.11875 0.15625
0 0.49296875 0.50625 0.0234375 0.0375
0 0.48203125 0.7984375 0.015625 0.03125