3 0.5 0.525 1 0.815625
0 0.8078125 0.271875 0.1 0.05
0 0.88515625 0.25078125 0.0609375 0.0484375
0 0.81015625 0.2265625 0.0421875 0.046875
0 0.9390625 0.45703125 0.040625 0.0734375
0 0.94921875 0.34453125 0.0265625 0.040625
0 0.40078125 0.3890625 0.2140625 0.04375
0 0.22265625 0.4171875 0.1359375 0.084375
0 0.45390625 0.821875 0.025 0.021875
0 0.30625 0.85703125 0.103125 0.05625
0 0.209375 0.896875 0.125 0.040625
0 0.1265625 0.80625 0.15625 0.11875
0 0.50625 0.50703125 0.0375 0.0234375
0 0.7984375 0.51796875 0.03125 0.015625