3 0.5 0.475 1 0.815625
0 0.1921875 0.728125 0.1 0.05078125
0 0.11484375 0.74921875 0.06015625 0.0484375
0 0.18984375 0.7734375 0.04296875 0.04765625
0 0.0609375 0.54296875 0.0421875 0.07421875
0 0.05078125 0.65546875 0.02578125 0.040625
0 0.59921875 0.6109375 0.21484375 0.04375
0 0.77734375 0.5828125 0.1359375 0.08359375
0 0.54609375 0.178125 0.025 0.021875
0 0.69375 0.14296875 0.10234375 0.05625
0 0.790625 0.103125 0.1265625 0.03984375
0 0.8734375 0.19375 0.15703125 0.11796875
0 0.49375 0.49296875 0.0390625 0.02265625
0 0.2015625 0.48203125 0.03125 0.015625