3 0.5 0.54765625 1 0.9046875
2 0.0609375 0.8390625 0.11796875 0.1140625
2 0.175 0.7 0.16953125 0.11875
2 0.03203125 0.58515625 0.06015625 0.1
2 0.45390625 0.8390625 0.13046875 0.12890625
2 0.7640625 0.809375 0.1765625 0.1390625
2 0.66015625 0.6546875 0.15234375 0.1171875
2 0.9109375 0.60546875 0.16171875 0.115625
2 0.928125 0.36640625 0.11953125 0.0703125
2 0.934375 0.26875 0.12421875 0.05234375
2 0.79765625 0.18125 0.09453125 0.0625
2 0.60625 0.26953125 0.1078125 0.06328125
2 0.6046875 0.19296875 0.09296875 0.04921875
2 0.46328125 0.12890625 0.06328125 0.040625
2 0.46171875 0.24140625 0.09921875 0.0546875
2 0.5359375 0.31796875 0.05625 0.06171875
2 0.47265625 0.43515625 0.06640625 0.10390625
2 0.2765625 0.3453125 0.115625 0.05625
2 0.334375 0.6296875 0.153125 0.11171875
2 0.44296875 0.55 0.0796875 0.090625
2 0.3046875 0.5359375 0.12734375 0.0625
2 0.14140625 0.50703125 0.13203125 0.08359375
2 0.27265625 0.46640625 0.05 0.0671875
2 0.184375 0.415625 0.13984375 0.04140625
2 0.50390625 0.67734375 0.0796875 0.140625
2 0.54609375 0.4375 0.08515625 0.08125
2 0.253125 0.26015625 0.09140625 0.05859375
2 0.2203125 0.1796875 0.0765625 0.05625
2 0.14453125 0.16015625 0.059375 0.0453125
2 0.0421875 0.25 0.078125 0.04765625
2 0.0375 0.3578125 0.07421875 0.05859375
2 0.1390625 0.3421875 0.125 0.06484375
2 0.7 0.259375 0.078125 0.04765625
2 0.5265625 0.20234375 0.04921875 0.046875
2 0.7734375 0.3390625 0.11875 0.08046875
2 0.7125 0.4 0.0875 0.03125
2 0.66953125 0.459375 0.0921875 0.0546875
2 0.73203125 0.55 0.1921875 0.1078125
2 0.7703125 0.8859375 0.215625 0.08203125
2 0.925 0.83125 0.14765625 0.07109375
2 0.3703125 0.34453125 0.06875 0.053125
2 0.3484375 0.2875 0.07109375 0.028125
2 0.3 0.425 0.078125 0.06953125
2 0.465625 0.3078125 0.065625 0.0171875
2 0.62578125 0.36171875 0.06796875 0.03515625
2 0.4703125 0.15859375 0.05 0.03671875