3 0.5 0.45234375 1 0.9046875
2 0.9390625 0.1609375 0.11875 0.115625
2 0.825 0.3 0.16875 0.11875
2 0.96796875 0.41484375 0.0609375 0.1
2 0.54609375 0.1609375 0.1296875 0.128125
2 0.2359375 0.190625 0.178125 0.1375
2 0.33984375 0.3453125 0.1515625 0.115625
2 0.0890625 0.39453125 0.1625 0.115625
2 0.071875 0.63359375 0.11875 0.0703125
2 0.065625 0.73125 0.125 0.053125
2 0.20234375 0.81875 0.0953125 0.0625
2 0.39375 0.73046875 0.10625 0.0640625
2 0.3953125 0.80703125 0.09375 0.0484375
2 0.53671875 0.87109375 0.0640625 0.040625
2 0.53828125 0.75859375 0.0984375 0.0546875
2 0.4640625 0.68203125 0.05625 0.0609375
2 0.52734375 0.56484375 0.0671875 0.1046875
2 0.7234375 0.6546875 0.115625 0.05625
2 0.665625 0.3703125 0.153125 0.1125
2 0.55703125 0.45 0.0796875 0.090625
2 0.6953125 0.4640625 0.128125 0.0625
2 0.85859375 0.49296875 0.1328125 0.0828125
2 0.72734375 0.53359375 0.05 0.0671875
2 0.815625 0.584375 0.140625 0.040625
2 0.49609375 0.32265625 0.0796875 0.140625
2 0.45390625 0.5625 0.0859375 0.08125
2 0.746875 0.73984375 0.090625 0.0578125
2 0.7796875 0.8203125 0.078125 0.05625
2 0.85546875 0.83984375 0.059375 0.0453125
2 0.9578125 0.75 0.078125 0.046875
2 0.9625 0.6421875 0.075 0.059375
2 0.8609375 0.6578125 0.125 0.065625
2 0.3 0.740625 0.078125 0.046875
2 0.4734375 0.79765625 0.05 0.046875
2 0.2265625 0.6609375 0.11875 0.08125
2 0.2875 0.6 0.0875 0.03125
2 0.33046875 0.540625 0.0921875 0.05625
2 0.26796875 0.45 0.1921875 0.10625
2 0.2296875 0.1140625 0.215625 0.08125
2 0.075 0.16875 0.146875 0.071875
2 0.6296875 0.65546875 0.06875 0.053125
2 0.6515625 0.7125 0.071875 0.028125
2 0.7 0.575 0.078125 0.06875
2 0.534375 0.6921875 0.065625 0.015625
2 0.37421875 0.63828125 0.0671875 0.0359375
2 0.5296875 0.84140625 0.05 0.0359375