3 0.45234375 0.5 0.9046875 1
2 0.1609375 0.0609375 0.115625 0.11875
2 0.3 0.175 0.11875 0.16875
2 0.41484375 0.03203125 0.1 0.0609375
2 0.1609375 0.45390625 0.128125 0.1296875
2 0.190625 0.7640625 0.1375 0.178125
2 0.3453125 0.66015625 0.115625 0.1515625
2 0.39453125 0.9109375 0.115625 0.1625
2 0.63359375 0.928125 0.0703125 0.11875
2 0.73125 0.934375 0.053125 0.125
2 0.81875 0.79765625 0.0625 0.0953125
2 0.73046875 0.60625 0.0640625 0.10625
2 0.80703125 0.6046875 0.0484375 0.09375
2 0.87109375 0.46328125 0.040625 0.0640625
2 0.75859375 0.46171875 0.0546875 0.0984375
2 0.68203125 0.5359375 0.0609375 0.05625
2 0.56484375 0.47265625 0.1046875 0.0671875
2 0.6546875 0.2765625 0.05625 0.115625
2 0.3703125 0.334375 0.1125 0.153125
2 0.45 0.44296875 0.090625 0.0796875
2 0.4640625 0.3046875 0.0625 0.128125
2 0.49296875 0.14140625 0.0828125 0.1328125
2 0.53359375 0.27265625 0.0671875 0.05
2 0.584375 0.184375 0.040625 0.140625
2 0.32265625 0.50390625 0.140625 0.0796875
2 0.5625 0.54609375 0.08125 0.0859375
2 0.73984375 0.253125 0.0578125 0.090625
2 0.8203125 0.2203125 0.05625 0.078125
2 0.83984375 0.14453125 0.0453125 0.059375
2 0.75 0.0421875 0.046875 0.078125
2 0.6421875 0.0375 0.059375 0.075
2 0.6578125 0.1390625 0.065625 0.125
2 0.740625 0.7 0.046875 0.078125
2 0.79765625 0.5265625 0.046875 0.05
2 0.6609375 0.7734375 0.08125 0.11875
2 0.6 0.7125 0.03125 0.0875
2 0.540625 0.66953125 0.05625 0.0921875
2 0.45 0.73203125 0.10625 0.1921875
2 0.1140625 0.7703125 0.08125 0.215625
2 0.16875 0.925 0.071875 0.146875
2 0.65546875 0.3703125 0.053125 0.06875
2 0.7125 0.3484375 0.028125 0.071875
2 0.575 0.3 0.06875 0.078125
2 0.6921875 0.465625 0.015625 0.065625
2 0.63828125 0.62578125 0.0359375 0.0671875
2 0.84140625 0.4703125 0.0359375 0.05