3 0.4765625 0.5 0.953125 1
0 0.66171875 0.26640625 0.128125 0.1515625
0 0.7109375 0.4 0.078125 0.096875
0 0.78359375 0.44140625 0.0765625 0.0328125
0 0.77890625 0.51640625 0.1140625 0.0640625
0 0.62109375 0.67890625 0.1734375 0.2671875
0 0.6328125 0.48984375 0.053125 0.0484375
0 0.5984375 0.41328125 0.0875 0.0828125
0 0.4671875 0.28984375 0.1625 0.346875
0 0.3125 0.46171875 0.14375 0.2734375
0 0.42734375 0.54609375 0.1234375 0.1203125
0 0.47109375 0.7296875 0.1265625 0.071875
0 0.39921875 0.83515625 0.10625 0.1046875
0 0.52578125 0.56484375 0.0921875 0.1703125