3 0.5 0.5234375 1 0.953125
0 0.26640625 0.33828125 0.1515625 0.128125
0 0.4 0.2890625 0.09609375 0.078125
0 0.44140625 0.21640625 0.03359375 0.07734375
0 0.51640625 0.22109375 0.0640625 0.11484375
0 0.67890625 0.37890625 0.26640625 0.17265625
0 0.48984375 0.3671875 0.04921875 0.0515625
0 0.41328125 0.4015625 0.08203125 0.0875
0 0.28984375 0.5328125 0.346875 0.16328125
0 0.46171875 0.6875 0.27421875 0.14453125
0 0.54609375 0.57265625 0.1203125 0.1234375
0 0.7296875 0.52890625 0.0734375 0.1265625
0 0.83515625 0.60078125 0.1046875 0.10625
0 0.56484375 0.47421875 0.1703125 0.09140625