3 0.48828125 0.5 0.9765625 1
0 0.12421875 0.615625 0.028125 0.040625
0 0.18125 0.92734375 0.0625 0.1421875
0 0.29296875 0.62265625 0.10625 0.24375
0 0.2359375 0.87734375 0.046875 0.0921875
0 0.20234375 0.88046875 0.0359375 0.040625
0 0.165625 0.83359375 0.03125 0.053125
0 0.515625 0.7140625 0.065625 0.065625
0 0.5171875 0.68046875 0.165625 0.1078125
0 0.52109375 0.79453125 0.0640625 0.0796875
0 0.62109375 0.3890625 0.1140625 0.246875
0 0.53203125 0.02734375 0.0515625 0.0546875
0 0.69609375 0.31015625 0.1234375 0.1796875
0 0.74296875 0.375 0.040625 0.13125