3 0.5 0.48828125 1 0.9765625
0 0.384375 0.12421875 0.04140625 0.028125
0 0.07265625 0.18125 0.14140625 0.0640625
0 0.37734375 0.29296875 0.24375 0.10625
0 0.12265625 0.2359375 0.09296875 0.0484375
0 0.11953125 0.20234375 0.040625 0.0359375
0 0.16640625 0.165625 0.053125 0.0328125
0 0.2859375 0.515625 0.0640625 0.065625
0 0.31953125 0.5171875 0.10703125 0.16640625
0 0.20546875 0.52109375 0.0796875 0.06328125
0 0.6109375 0.62109375 0.24609375 0.11484375
0 0.97265625 0.53203125 0.0546875 0.0515625
0 0.68984375 0.69609375 0.18046875 0.1234375
0 0.625 0.74296875 0.1296875 0.040625