2 0.5953125 0.3109375 0.05625 0.034375
2 0.3890625 0.334375 0.059375 0.065625
2 0.4890625 0.3484375 0.046875 0.05
2 0.584375 0.3875 0.05625 0.05
2 0.71015625 0.3890625 0.0515625 0.053125
2 0.6578125 0.4328125 0.05625 0.046875
2 0.58828125 0.44921875 0.0421875 0.053125
2 0.525 0.4875 0.025 0.0625
2 0.47109375 0.43984375 0.0546875 0.0578125
2 0.39609375 0.39921875 0.0578125 0.0484375
2 0.27109375 0.3875 0.05 0.04375
2 0.2140625 0.49140625 0.065625 0.0578125
2 0.24296875 0.61328125 0.0640625 0.0671875
2 0.31328125 0.4984375 0.0578125 0.053125
2 0.403125 0.4921875 0.053125 0.046875
2 0.46015625 0.5234375 0.053125 0.053125
2 0.5796875 0.5265625 0.065625 0.05625
2 0.70234375 0.52265625 0.059375 0.0421875
2 0.80390625 0.5 0.0671875 0.05625
2 0.875 0.5953125 0.08125 0.05625
2 0.41640625 0.5984375 0.0640625 0.065625
2 0.58125 0.6453125 0.078125 0.06875
2 0.75703125 0.7984375 0.071875 0.075
2 0.6390625 0.7421875 0.0625 0.075
2 0.5890625 0.8015625 0.078125 0.084375
2 0.51328125 0.725 0.0546875 0.08125
2 0.4125 0.71484375 0.075 0.0671875
2 0.28515625 0.7421875 0.0796875 0.078125
2 0.4171875 0.84296875 0.08125 0.0828125
3 0.51328125 0.62265625 0.8109375 0.6921875