2 0.4046875 0.6890625 0.05625 0.034375
2 0.6109375 0.665625 0.059375 0.065625
2 0.5109375 0.6515625 0.046875 0.05
2 0.415625 0.6125 0.05625 0.05
2 0.28984375 0.6109375 0.0515625 0.053125
2 0.3421875 0.5671875 0.05625 0.046875
2 0.41171875 0.55078125 0.0421875 0.053125
2 0.475 0.5125 0.025 0.0625
2 0.52890625 0.56015625 0.0546875 0.0578125
2 0.60390625 0.60078125 0.0578125 0.0484375
2 0.72890625 0.6125 0.05 0.04375
2 0.7859375 0.50859375 0.065625 0.0578125
2 0.75703125 0.38671875 0.0640625 0.0671875
2 0.68671875 0.5015625 0.0578125 0.053125
2 0.596875 0.5078125 0.053125 0.046875
2 0.53984375 0.4765625 0.053125 0.053125
2 0.4203125 0.4734375 0.065625 0.05625
2 0.29765625 0.47734375 0.059375 0.0421875
2 0.19609375 0.5 0.0671875 0.05625
2 0.125 0.4046875 0.08125 0.05625
2 0.58359375 0.4015625 0.0640625 0.065625
2 0.41875 0.3546875 0.078125 0.06875
2 0.24296875 0.2015625 0.071875 0.075
2 0.3609375 0.2578125 0.0625 0.075
2 0.4109375 0.1984375 0.078125 0.084375
2 0.48671875 0.275 0.0546875 0.08125
2 0.5875 0.28515625 0.075 0.0671875
2 0.71484375 0.2578125 0.0796875 0.078125
2 0.5828125 0.15703125 0.08125 0.0828125
3 0.48671875 0.37734375 0.8109375 0.6921875