3 0.3921875 0.5 0.784375 1
2 0.146875 0.23828125 0.103125 0.125
2 0.1859375 0.31484375 0.09375 0.1609375
2 0.11953125 0.53046875 0.0703125 0.1609375
2 0.17265625 0.759375 0.0984375 0.2875
2 0.0578125 0.9734375 0.109375 0.053125
2 0.2140625 0.89609375 0.0875 0.0671875
2 0.3359375 0.76328125 0.06875 0.059375
2 0.47578125 0.86328125 0.0453125 0.10625
2 0.41484375 0.96171875 0.0515625 0.0703125
2 0.33359375 0.76640625 0.0703125 0.0484375
2 0.309375 0.5609375 0.071875 0.1125
2 0.33359375 0.7625 0.08125 0.05
2 0.3171875 0.84921875 0.071875 0.1046875
2 0.41484375 0.9640625 0.053125 0.059375
2 0.46171875 0.81953125 0.0328125 0.0640625
2 0.52578125 0.74375 0.0859375 0.1125
2 0.56484375 0.91875 0.040625 0.06875
2 0.54140625 0.925 0.0578125 0.125
2 0.6171875 0.97265625 0.046875 0.0546875
2 0.72421875 0.7921875 0.0296875 0.053125
2 0.640625 0.83203125 0.028125 0.0703125
2 0.72109375 0.103125 0.0390625 0.075
2 0.74296875 0.25390625 0.0421875 0.1015625
2 0.75 0.378125 0.028125 0.05
2 0.74375 0.64375 0.03125 0.071875
2 0.6953125 0.29453125 0.046875 0.0671875
2 0.6234375 0.25 0.046875 0.03125
2 0.65625 0.0984375 0.040625 0.034375
2 0.70078125 0.03046875 0.046875 0.0515625
2 0.646875 0.496875 0.04375 0.084375
2 0.5484375 0.52265625 0.040625 0.0359375
2 0.59140625 0.67734375 0.034375 0.059375
2 0.25625 0.40390625 0.0625 0.0515625
2 0.39921875 0.56796875 0.04375 0.0796875
2 0.4859375 0.4890625 0.021875 0.03125
2 0.65 0.18671875 0.05625 0.1109375
2 0.67890625 0.83359375 0.0265625 0.0515625
2 0.675 0.93828125 0.028125 0.0796875
2 0.6453125 0.7171875 0.021875 0.046875
2 0.68828125 0.61171875 0.040625 0.0515625
2 0.64140625 0.6734375 0.0265625 0.028125
2 0.2953125 0.26875 0.071875 0.05625