3 0.5 0.6078125 1 0.784375
2 0.23828125 0.853125 0.125 0.10234375
2 0.31484375 0.8140625 0.16171875 0.09296875
2 0.53046875 0.88046875 0.16015625 0.07109375
2 0.759375 0.82734375 0.28671875 0.0984375
2 0.9734375 0.9421875 0.053125 0.109375
2 0.89609375 0.7859375 0.06796875 0.0875
2 0.76328125 0.6640625 0.059375 0.06796875
2 0.86328125 0.52421875 0.10625 0.0453125
2 0.96171875 0.58515625 0.07109375 0.05078125
2 0.76640625 0.66640625 0.04921875 0.06953125
2 0.5609375 0.690625 0.1125 0.071875
2 0.7625 0.66640625 0.0515625 0.08125
2 0.84921875 0.6828125 0.10546875 0.071875
2 0.9640625 0.58515625 0.0609375 0.053125
2 0.81953125 0.53828125 0.06484375 0.0328125
2 0.74375 0.47421875 0.1140625 0.08515625
2 0.91875 0.43515625 0.06875 0.040625
2 0.925 0.45859375 0.1265625 0.05703125
2 0.97265625 0.3828125 0.0546875 0.0484375
2 0.7921875 0.27578125 0.0515625 0.0296875
2 0.83203125 0.359375 0.07109375 0.02890625
2 0.103125 0.27890625 0.075 0.0390625
2 0.25390625 0.25703125 0.10234375 0.04140625
2 0.378125 0.25 0.0515625 0.028125
2 0.64375 0.25625 0.07265625 0.03046875
2 0.29453125 0.3046875 0.06640625 0.0484375
2 0.25 0.3765625 0.03203125 0.04609375
2 0.0984375 0.34375 0.034375 0.040625
2 0.03046875 0.29921875 0.0515625 0.046875
2 0.496875 0.353125 0.08515625 0.04375
2 0.52265625 0.4515625 0.03515625 0.0390625
2 0.67734375 0.40859375 0.059375 0.034375
2 0.40390625 0.74375 0.0515625 0.06171875
2 0.56796875 0.60078125 0.07890625 0.04375
2 0.4890625 0.5140625 0.03046875 0.0203125
2 0.18671875 0.35 0.1109375 0.0546875
2 0.83359375 0.32109375 0.05234375 0.02734375
2 0.93828125 0.325 0.07890625 0.02734375
2 0.7171875 0.3546875 0.0453125 0.0234375
2 0.61171875 0.31171875 0.05078125 0.040625
2 0.6734375 0.35859375 0.0265625 0.02734375
2 0.26875 0.7046875 0.0578125 0.071875