1 0.73671875 0.63046875 0.0453125 0.0515625
1 0.690625 0.73203125 0.05 0.0609375
1 0.64296875 0.80546875 0.0453125 0.0734375
1 0.6046875 0.7109375 0.04375 0.065625
1 0.26484375 0.68359375 0.0859375 0.0984375
1 0.3203125 0.60390625 0.04375 0.0328125
1 0.31796875 0.52265625 0.0515625 0.025
1 0.4171875 0.4484375 0.040625 0.05
1 0.353125 0.359375 0.065625 0.04375
1 0.54921875 0.40859375 0.0484375 0.0625
1 0.6625 0.4578125 0.05 0.0625
1 0.703125 0.240625 0.04375 0.05625
1 0.73515625 0.1921875 0.0390625 0.071875
3 0.51875 0.50625 0.7625 0.953125