1 0.63046875 0.26328125 0.05078125 0.0453125
1 0.73203125 0.309375 0.06015625 0.0515625
1 0.80546875 0.35703125 0.07421875 0.0453125
1 0.7109375 0.3953125 0.0640625 0.04453125
1 0.68359375 0.73515625 0.0984375 0.08515625
1 0.60390625 0.6796875 0.03359375 0.04453125
1 0.52265625 0.68203125 0.025 0.05234375
1 0.4484375 0.5828125 0.05 0.0390625
1 0.359375 0.646875 0.04375 0.06484375
1 0.40859375 0.45078125 0.0625 0.04921875
1 0.4578125 0.3375 0.0625 0.05078125
1 0.240625 0.296875 0.0578125 0.04375
1 0.1921875 0.26484375 0.07109375 0.0390625
3 0.50625 0.48125 0.95390625 0.7625