1 0.26328125 0.36953125 0.0453125 0.0515625
1 0.309375 0.26796875 0.05 0.0609375
1 0.35703125 0.19453125 0.0453125 0.0734375
1 0.3953125 0.2890625 0.04375 0.065625
1 0.73515625 0.31640625 0.0859375 0.0984375
1 0.6796875 0.39609375 0.04375 0.0328125
1 0.68203125 0.47734375 0.0515625 0.025
1 0.5828125 0.5515625 0.040625 0.05
1 0.646875 0.640625 0.065625 0.04375
1 0.45078125 0.59140625 0.0484375 0.0625
1 0.3375 0.5421875 0.05 0.0625
1 0.296875 0.759375 0.04375 0.05625
1 0.26484375 0.8078125 0.0390625 0.071875
3 0.48125 0.49375 0.7625 0.953125