3 0.52109375 0.5 0.9578125 1
0 0.45703125 0.88203125 0.0984375 0.084375
0 0.540625 0.4390625 0.0625 0.11875
0 0.69765625 0.31171875 0.10625 0.0828125
0 0.8234375 0.2875 0.115625 0.140625
0 0.734375 0.25078125 0.025 0.0265625
0 0.71015625 0.20078125 0.021875 0.0140625
0 0.70234375 0.23671875 0.0265625 0.03125
0 0.67890625 0.06328125 0.0296875 0.040625
0 0.9046875 0.35 0.075 0.08125
0 0.896875 0.51328125 0.03125 0.0234375
0 0.85 0.52734375 0.025 0.0359375
0 0.840625 0.56640625 0.034375 0.0203125
0 0.8578125 0.71015625 0.05625 0.0640625
0 0.80390625 0.6171875 0.0296875 0.046875
0 0.73984375 0.62578125 0.08125 0.1
0 0.66171875 0.534375 0.0921875 0.10625
0 0.61953125 0.3953125 0.0734375 0.1
0 0.55703125 0.39921875 0.0421875 0.0421875
0 0.425 0.09296875 0.05 0.0734375
0 0.4515625 0.17265625 0.090625 0.0890625
0 0.4078125 0.2734375 0.1 0.1
0 0.371875 0.2046875 0.071875 0.05625
0 0.34609375 0.30234375 0.0890625 0.1
0 0.28671875 0.2140625 0.0375 0.065625
0 0.3171875 0.54453125 0.05 0.059375
0 0.26484375 0.55703125 0.025 0.0140625
0 0.35703125 0.6953125 0.0796875 0.103125
0 0.428125 0.565625 0.10625 0.071875
0 0.42265625 0.6625 0.0515625 0.08125
0 0.45859375 0.690625 0.0453125 0.0625
0 0.5234375 0.84609375 0.0375 0.0421875
0 0.55625 0.84296875 0.03125 0.0203125
0 0.6296875 0.7875 0.03125 0.06875
0 0.55859375 0.715625 0.0734375 0.115625
0 0.4828125 0.465625 0.128125 0.05625
0 0.79921875 0.69296875 0.0359375 0.05625
0 0.40078125 0.50625 0.0484375 0.059375
0 0.79375 0.41015625 0.165625 0.096875
0 0.53515625 0.23515625 0.0921875 0.0890625
0 0.47578125 0.240625 0.0359375 0.059375
0 0.57890625 0.571875 0.08125 0.15
0 0.4984375 0.63984375 0.046875 0.0421875