3 0.5 0.47890625 1 0.9578125
0 0.88203125 0.54296875 0.084375 0.0984375
0 0.4390625 0.459375 0.11953125 0.06171875
0 0.31171875 0.30234375 0.0828125 0.10625
0 0.2875 0.1765625 0.14140625 0.1140625
0 0.25078125 0.265625 0.0265625 0.02578125
0 0.20078125 0.28984375 0.0140625 0.021875
0 0.23671875 0.29765625 0.03125 0.02734375
0 0.06328125 0.32109375 0.040625 0.03046875
0 0.35 0.0953125 0.08203125 0.075
0 0.51328125 0.103125 0.02421875 0.03125
0 0.52734375 0.15 0.03515625 0.0265625
0 0.56640625 0.159375 0.02109375 0.034375
0 0.71015625 0.1421875 0.0640625 0.05546875
0 0.6171875 0.19609375 0.04609375 0.02890625
0 0.62578125 0.26015625 0.1 0.08125
0 0.534375 0.33828125 0.10546875 0.09140625
0 0.3953125 0.38046875 0.1 0.07421875
0 0.39921875 0.44296875 0.0421875 0.04140625
0 0.09296875 0.575 0.0734375 0.0515625
0 0.17265625 0.5484375 0.08828125 0.08984375
0 0.2734375 0.5921875 0.10078125 0.09921875
0 0.2046875 0.628125 0.05625 0.071875
0 0.30234375 0.65390625 0.1 0.08984375
0 0.2140625 0.71328125 0.0640625 0.0375
0 0.54453125 0.6828125 0.059375 0.05
0 0.55703125 0.73515625 0.0140625 0.025
0 0.6953125 0.64296875 0.10390625 0.08046875
0 0.565625 0.571875 0.07109375 0.1078125
0 0.6625 0.57734375 0.08046875 0.05234375
0 0.690625 0.54140625 0.0609375 0.04609375
0 0.84609375 0.4765625 0.04140625 0.0375
0 0.84296875 0.44375 0.01953125 0.0328125
0 0.7875 0.3703125 0.06953125 0.03203125
0 0.715625 0.44140625 0.115625 0.07421875
0 0.465625 0.5171875 0.05625 0.12890625
0 0.69296875 0.20078125 0.05625 0.03515625
0 0.50625 0.59921875 0.059375 0.04921875
0 0.41015625 0.20625 0.096875 0.16484375
0 0.23515625 0.46484375 0.0890625 0.09296875
0 0.240625 0.52421875 0.059375 0.03671875
0 0.571875 0.42109375 0.14921875 0.08125
0 0.63984375 0.5015625 0.04140625 0.04765625