3 0.5 0.5 1 1
1 0.8484375 0.41484375 0.08125 0.0859375
1 0.7828125 0.4625 0.0875 0.0625
1 0.40859375 0.6828125 0.0609375 0.053125
1 0.32890625 0.78984375 0.0484375 0.0515625
1 0.36875 0.70390625 0.059375 0.0359375
1 0.21484375 0.82890625 0.0453125 0.05
1 0.26875 0.84375 0.046875 0.0375
1 0.359375 0.81640625 0.025 0.0421875
1 0.68984375 0.725 0.06875 0.053125
1 0.6921875 0.81796875 0.046875 0.034375
1 0.50703125 0.684375 0.046875 0.034375
1 0.6734375 0.8 0.0875 0.05625
1 0.95390625 0.53515625 0.090625 0.0484375