3 0.5 0.5 1 1
1 0.58515625 0.8484375 0.0859375 0.08125
1 0.5375 0.7828125 0.0625 0.0875
1 0.3171875 0.40859375 0.053125 0.0609375
1 0.21015625 0.32890625 0.0515625 0.0484375
1 0.29609375 0.36875 0.0359375 0.059375
1 0.17109375 0.21484375 0.05 0.0453125
1 0.15625 0.26875 0.0375 0.046875
1 0.18359375 0.359375 0.0421875 0.025
1 0.275 0.68984375 0.053125 0.06875
1 0.18203125 0.6921875 0.034375 0.046875
1 0.315625 0.50703125 0.034375 0.046875
1 0.2 0.6734375 0.05625 0.0875
1 0.46484375 0.95390625 0.0484375 0.090625