3 0.5 0.5 1 1
1 0.1515625 0.58515625 0.08046875 0.08515625
1 0.2171875 0.5375 0.08671875 0.06328125
1 0.59140625 0.3171875 0.06171875 0.05234375
1 0.67109375 0.21015625 0.04765625 0.05078125
1 0.63125 0.29609375 0.05859375 0.0359375
1 0.78515625 0.17109375 0.04609375 0.05
1 0.73125 0.15625 0.04609375 0.03828125
1 0.640625 0.18359375 0.02578125 0.04140625
1 0.31015625 0.275 0.06875 0.05390625
1 0.3078125 0.18203125 0.04609375 0.034375
1 0.49296875 0.315625 0.046875 0.03515625
1 0.3265625 0.2 0.08828125 0.05703125
1 0.04609375 0.46484375 0.090625 0.0484375