2 0.8765625 0.93046875 0.1375 0.1390625
2 0.93984375 0.52734375 0.1203125 0.0890625
2 0.828125 0.63671875 0.165625 0.1015625
2 0.5546875 0.73046875 0.171875 0.1328125
2 0.93203125 0.35234375 0.1046875 0.0609375
2 0.9328125 0.28125 0.075 0.0625
2 0.80703125 0.19765625 0.0953125 0.04375
2 0.6375 0.259375 0.11875 0.05
2 0.8140625 0.24375 0.109375 0.0375
2 0.84453125 0.2984375 0.10625 0.05
2 0.6671875 0.346875 0.115625 0.0625
2 0.7953125 0.42109375 0.125 0.0515625
2 0.6375 0.42578125 0.115625 0.065625
2 0.415625 0.36640625 0.10625 0.0640625
2 0.428125 0.48828125 0.1375 0.0765625
3 0.5390625 0.55390625 0.921875 0.8921875