2 0.93046875 0.1234375 0.1390625 0.13828125
2 0.52734375 0.06015625 0.08984375 0.11953125
2 0.63671875 0.171875 0.1015625 0.165625
2 0.73046875 0.4453125 0.1328125 0.17265625
2 0.35234375 0.06796875 0.06015625 0.1046875
2 0.28125 0.0671875 0.0625 0.07421875
2 0.19765625 0.19296875 0.04375 0.0953125
2 0.259375 0.3625 0.05 0.1203125
2 0.24375 0.1859375 0.03828125 0.1109375
2 0.2984375 0.15546875 0.04921875 0.10625
2 0.346875 0.3328125 0.0625 0.115625
2 0.42109375 0.2046875 0.0515625 0.12421875
2 0.42578125 0.3625 0.065625 0.11484375
2 0.36640625 0.584375 0.06484375 0.10546875
2 0.48828125 0.571875 0.0765625 0.1375
3 0.55390625 0.4609375 0.8921875 0.921875