3 0.4921875 0.496875 0.9625 0.95625
2 0.396875 0.24921875 0.13125 0.1390625
2 0.46796875 0.39140625 0.0953125 0.140625
2 0.6015625 0.20234375 0.13125 0.1234375
2 0.72265625 0.2671875 0.125 0.11875
2 0.81953125 0.3671875 0.1171875 0.115625
2 0.66953125 0.3875 0.134375 0.115625
2 0.790625 0.47578125 0.125 0.0421875
2 0.75 0.5671875 0.1125 0.121875
2 0.39296875 0.43671875 0.1671875 0.153125
2 0.50546875 0.575 0.0890625 0.134375
2 0.621875 0.48359375 0.08125 0.0625
2 0.56484375 0.303125 0.1359375 0.140625
2 0.6578125 0.6765625 0.109375 0.11875
2 0.42421875 0.75078125 0.13125 0.15625
2 0.5609375 0.746875 0.16875 0.14375
2 0.42421875 0.56953125 0.1171875 0.115625
2 0.38125 0.60078125 0.1125 0.1484375
2 0.28515625 0.5671875 0.13125 0.115625
2 0.6671875 0.56171875 0.0875 0.1359375