3 0.496875 0.5078125 0.9578125 0.9625
2 0.24921875 0.603125 0.1390625 0.1328125
2 0.39140625 0.53203125 0.140625 0.09453125
2 0.20234375 0.3984375 0.1234375 0.13203125
2 0.2671875 0.27734375 0.11796875 0.125
2 0.3671875 0.18046875 0.115625 0.1171875
2 0.3875 0.33046875 0.11640625 0.134375
2 0.47578125 0.209375 0.0421875 0.1265625
2 0.5671875 0.25 0.121875 0.11328125
2 0.43671875 0.60703125 0.153125 0.16640625
2 0.575 0.49453125 0.13515625 0.08984375
2 0.48359375 0.378125 0.0625 0.0828125
2 0.303125 0.43515625 0.13984375 0.1359375
2 0.6765625 0.3421875 0.11953125 0.11015625
2 0.75078125 0.57578125 0.15625 0.13125
2 0.746875 0.4390625 0.14296875 0.16953125
2 0.56953125 0.57578125 0.115625 0.11796875
2 0.60078125 0.61875 0.14921875 0.1125
2 0.5671875 0.71484375 0.11484375 0.13125
2 0.56171875 0.3328125 0.1359375 0.0875