0 0.08828125 0.2875 0.1765625 0.228125
0 0.0546875 0.47421875 0.109375 0.2265625
0 0.12265625 0.090625 0.1625 0.18125
0 0.27421875 0.6078125 0.2421875 0.2625
0 0.2703125 0.9125 0.284375 0.175
0 0.3640625 0.83671875 0.303125 0.196875
0 0.47109375 0.478125 0.265625 0.315625
0 0.575 0.3546875 0.2 0.203125
0 0.43359375 0.22109375 0.3265625 0.1328125
0 0.5078125 0.0953125 0.30625 0.153125
3 0.82109375 0.57890625 0.3578125 0.8421875
3 0.49921875 0.5 0.6828125 1
3 0.19140625 0.31640625 0.3828125 0.6296875