0 0.7125 0.08828125 0.228125 0.1765625
0 0.52578125 0.0546875 0.2265625 0.109375
0 0.909375 0.12265625 0.18125 0.1625
0 0.3921875 0.27421875 0.26328125 0.24296875
0 0.0875 0.2703125 0.17421875 0.28359375
0 0.16328125 0.3640625 0.196875 0.3046875
0 0.521875 0.47109375 0.315625 0.265625
0 0.6453125 0.575 0.203125 0.1984375
0 0.77890625 0.43359375 0.13203125 0.32734375
0 0.9046875 0.5078125 0.153125 0.30703125
3 0.42109375 0.82109375 0.8421875 0.3578125
3 0.5 0.49921875 1 0.68203125
3 0.68359375 0.19140625 0.6296875 0.3828125