3 0.4984375 0.5 0.903125 0.9875
0 0.73828125 0.66953125 0.2921875 0.2734375
0 0.540625 0.83359375 0.1375 0.184375
0 0.40234375 0.87890625 0.0953125 0.10625
0 0.2828125 0.621875 0.284375 0.33125
0 0.865625 0.5296875 0.1 0.096875
0 0.6578125 0.61015625 0.134375 0.1546875
0 0.51484375 0.5109375 0.1046875 0.190625
0 0.70546875 0.34375 0.1984375 0.2
0 0.865625 0.3734375 0.1375 0.23125
0 0.359375 0.24765625 0.19375 0.23125
0 0.25546875 0.52734375 0.2953125 0.1609375
0 0.03359375 0.34765625 0.0609375 0.0578125
0 0.41328125 0.85859375 0.1296875 0.1328125
0 0.35234375 0.6765625 0.1734375 0.16875
0 0.42265625 0.43359375 0.1828125 0.1296875