3 0.5015625 0.5 0.9046875 0.98828125
0 0.26171875 0.33046875 0.29140625 0.2734375
0 0.459375 0.16640625 0.1390625 0.184375
0 0.59765625 0.12109375 0.0953125 0.10625
0 0.7171875 0.378125 0.28359375 0.3328125
0 0.134375 0.4703125 0.09921875 0.0984375
0 0.3421875 0.38984375 0.134375 0.1546875
0 0.48515625 0.4890625 0.10390625 0.18984375
0 0.29453125 0.65625 0.19765625 0.20078125
0 0.134375 0.6265625 0.1390625 0.23125
0 0.640625 0.75234375 0.1921875 0.23125
0 0.74453125 0.47265625 0.29453125 0.16171875
0 0.96640625 0.65234375 0.06015625 0.0578125
0 0.58671875 0.14140625 0.13046875 0.13359375
0 0.64765625 0.3234375 0.1734375 0.16953125
0 0.57734375 0.56640625 0.18359375 0.12890625