3 0.5 0.5 1 1
0 0.08828125 0.20078125 0.1765625 0.275
0 0.21875 0.06171875 0.171875 0.109375
0 0.4671875 0.07734375 0.278125 0.1546875
0 0.08203125 0.31875 0.1640625 0.20625
0 0.27734375 0.48671875 0.1859375 0.14375
0 0.36015625 0.40703125 0.059375 0.0390625
0 0.46875 0.371875 0.08125 0.05625
0 0.45703125 0.45546875 0.1109375 0.0421875
0 0.05078125 0.70625 0.1015625 0.1625
0 0.24921875 0.6734375 0.1421875 0.090625
0 0.53515625 0.7453125 0.0796875 0.053125
0 0.7515625 0.7765625 0.35625 0.15
0 0.3546875 0.7546875 0.11875 0.071875
0 0.60234375 0.2515625 0.1046875 0.10625
0 0.7234375 0.16875 0.134375 0.203125
0 0.9265625 0.175 0.146875 0.184375
0 0.728125 0.434375 0.190625 0.2125
0 0.5859375 0.55390625 0.2625 0.0859375
0 0.61484375 0.40625 0.0671875 0.05