3 0.5 0.5 1 1
0 0.91171875 0.79921875 0.1765625 0.275
0 0.78125 0.93828125 0.171875 0.109375
0 0.5328125 0.92265625 0.278125 0.1546875
0 0.91796875 0.68125 0.1640625 0.20625
0 0.72265625 0.51328125 0.1859375 0.14375
0 0.63984375 0.59296875 0.059375 0.0390625
0 0.53125 0.628125 0.08125 0.05625
0 0.54296875 0.54453125 0.1109375 0.0421875
0 0.94921875 0.29375 0.1015625 0.1625
0 0.75078125 0.3265625 0.1421875 0.090625
0 0.46484375 0.2546875 0.0796875 0.053125
0 0.2484375 0.2234375 0.35625 0.15
0 0.6453125 0.2453125 0.11875 0.071875
0 0.39765625 0.7484375 0.1046875 0.10625
0 0.2765625 0.83125 0.134375 0.203125
0 0.0734375 0.825 0.146875 0.184375
0 0.271875 0.565625 0.190625 0.2125
0 0.4140625 0.44609375 0.2625 0.0859375
0 0.38515625 0.59375 0.0671875 0.05