3 0.5 0.48125 1 0.9625
0 0.24140625 0.4859375 0.153125 0.071875
0 0.628125 0.6734375 0.03125 0.028125
0 0.5578125 0.6640625 0.028125 0.025
0 0.82890625 0.6671875 0.01875 0.025
0 0.67265625 0.56640625 0.046875 0.0390625
0 0.5234375 0.46953125 0.084375 0.1953125
0 0.59375 0.4625 0.04375 0.0375
0 0.6578125 0.43671875 0.078125 0.0734375
0 0.39609375 0.57109375 0.0203125 0.0640625
0 0.43125 0.68046875 0.040625 0.0578125
0 0.18984375 0.3109375 0.1046875 0.065625
0 0.2140625 0.12734375 0.05625 0.0796875
0 0.053125 0.4046875 0.10625 0.115625
0 0.11328125 0.50625 0.0234375 0.0375
0 0.3578125 0.6953125 0.028125 0.05625
0 0.65546875 0.22734375 0.0640625 0.11875
0 0.83125 0.08359375 0.20625 0.1109375
0 0.9078125 0.28984375 0.0625 0.0734375
0 0.86328125 0.36328125 0.0609375 0.0515625
0 0.79296875 0.37421875 0.034375 0.0484375
0 0.7515625 0.31328125 0.071875 0.0609375
0 0.759375 0.21953125 0.0375 0.034375
0 0.7609375 0.1625 0.021875 0.0375
0 0.7328125 0.1875 0.021875 0.0125
0 0.66484375 0.14140625 0.0171875 0.0359375
0 0.42890625 0.11484375 0.0515625 0.0453125
0 0.17734375 0.24609375 0.03125 0.0328125
0 0.815625 0.546875 0.01875 0.028125
0 0.86875 0.57734375 0.034375 0.025
0 0.54765625 0.60625 0.0984375 0.05625
0 0.79453125 0.4828125 0.0453125 0.034375
0 0.87578125 0.50859375 0.0265625 0.0265625
0 0.7265625 0.68046875 0.021875 0.0359375
0 0.253125 0.71328125 0.0125 0.021875
0 0.32109375 0.6796875 0.0109375 0.028125