3 0.5 0.51875 1 0.9625
0 0.75859375 0.5140625 0.153125 0.0703125
0 0.371875 0.3265625 0.03046875 0.02890625
0 0.4421875 0.3359375 0.02734375 0.02421875
0 0.17109375 0.3328125 0.01875 0.025
0 0.32734375 0.43359375 0.046875 0.03984375
0 0.4765625 0.53046875 0.084375 0.19609375
0 0.40625 0.5375 0.04453125 0.03671875
0 0.3421875 0.56328125 0.0796875 0.0734375
0 0.60390625 0.42890625 0.01953125 0.06328125
0 0.56875 0.31953125 0.04140625 0.05859375
0 0.81015625 0.6890625 0.10390625 0.065625
0 0.7859375 0.87265625 0.05625 0.08046875
0 0.946875 0.5953125 0.10546875 0.1171875
0 0.88671875 0.49375 0.02421875 0.03828125
0 0.6421875 0.3046875 0.028125 0.05625
0 0.34453125 0.77265625 0.0640625 0.11875
0 0.16875 0.91640625 0.2046875 0.11015625
0 0.0921875 0.71015625 0.0625 0.07421875
0 0.13671875 0.63671875 0.0609375 0.05234375
0 0.20703125 0.62578125 0.034375 0.04765625
0 0.2484375 0.68671875 0.0734375 0.06015625
0 0.240625 0.78046875 0.0390625 0.034375
0 0.2390625 0.8375 0.02265625 0.03671875
0 0.2671875 0.8125 0.02109375 0.0140625
0 0.33515625 0.85859375 0.0171875 0.03671875
0 0.57109375 0.88515625 0.0515625 0.0453125
0 0.82265625 0.75390625 0.03125 0.03203125
0 0.184375 0.453125 0.0203125 0.02734375
0 0.13125 0.42265625 0.034375 0.025
0 0.45234375 0.39375 0.09921875 0.05546875
0 0.20546875 0.5171875 0.04453125 0.0328125
0 0.12421875 0.49140625 0.02578125 0.02578125
0 0.2734375 0.31953125 0.02265625 0.0359375
0 0.746875 0.28671875 0.0125 0.021875
0 0.67890625 0.3203125 0.01015625 0.02734375