3 0.48125 0.5 0.9625 1
0 0.4859375 0.75859375 0.071875 0.153125
0 0.6734375 0.371875 0.028125 0.03125
0 0.6640625 0.4421875 0.025 0.028125
0 0.6671875 0.17109375 0.025 0.01875
0 0.56640625 0.32734375 0.0390625 0.046875
0 0.46953125 0.4765625 0.1953125 0.084375
0 0.4625 0.40625 0.0375 0.04375
0 0.43671875 0.3421875 0.0734375 0.078125
0 0.57109375 0.60390625 0.0640625 0.0203125
0 0.68046875 0.56875 0.0578125 0.040625
0 0.3109375 0.81015625 0.065625 0.1046875
0 0.12734375 0.7859375 0.0796875 0.05625
0 0.4046875 0.946875 0.115625 0.10625
0 0.50625 0.88671875 0.0375 0.0234375
0 0.6953125 0.6421875 0.05625 0.028125
0 0.22734375 0.34453125 0.11875 0.0640625
0 0.08359375 0.16875 0.1109375 0.20625
0 0.28984375 0.0921875 0.0734375 0.0625
0 0.36328125 0.13671875 0.0515625 0.0609375
0 0.37421875 0.20703125 0.0484375 0.034375
0 0.31328125 0.2484375 0.0609375 0.071875
0 0.21953125 0.240625 0.034375 0.0375
0 0.1625 0.2390625 0.0375 0.021875
0 0.1875 0.2671875 0.0125 0.021875
0 0.14140625 0.33515625 0.0359375 0.0171875
0 0.11484375 0.57109375 0.0453125 0.0515625
0 0.24609375 0.82265625 0.0328125 0.03125
0 0.546875 0.184375 0.028125 0.01875
0 0.57734375 0.13125 0.025 0.034375
0 0.60625 0.45234375 0.05625 0.0984375
0 0.4828125 0.20546875 0.034375 0.0453125
0 0.50859375 0.12421875 0.0265625 0.0265625
0 0.68046875 0.2734375 0.0359375 0.021875
0 0.71328125 0.746875 0.021875 0.0125
0 0.6796875 0.67890625 0.028125 0.0109375