3 0.1921875 0.15625 0.384375 0.3125
3 0.5 0.490625 1 0.928125
2 0.078125 0.05234375 0.11875 0.0546875
2 0.26953125 0.3625 0.1390625 0.090625
2 0.33046875 0.215625 0.1015625 0.071875
2 0.48359375 0.07734375 0.1109375 0.0546875
2 0.746875 0.21328125 0.146875 0.0703125
2 0.6078125 0.275 0.128125 0.071875
2 0.54609375 0.3953125 0.1625 0.1
2 0.3375 0.440625 0.165625 0.1
2 0.0484375 0.8 0.096875 0.140625
2 0.60703125 0.64921875 0.2078125 0.1515625
2 0.71796875 0.56015625 0.003125 0.025
2 0.8515625 0.42890625 0.16875 0.096875
0 0.39453125 0.540625 0.0140625 0.03125
0 0.6703125 0.19296875 0.0375 0.0515625