3 0.84375 0.1921875 0.3125 0.384375
3 0.509375 0.5 0.928125 1
2 0.94765625 0.078125 0.0546875 0.11875
2 0.6375 0.26953125 0.090625 0.1390625
2 0.784375 0.33046875 0.071875 0.1015625
2 0.92265625 0.48359375 0.0546875 0.1109375
2 0.78671875 0.746875 0.0703125 0.146875
2 0.725 0.6078125 0.071875 0.128125
2 0.6046875 0.54609375 0.1 0.1625
2 0.559375 0.3375 0.1 0.165625
2 0.2 0.0484375 0.140625 0.096875
2 0.35078125 0.60703125 0.1515625 0.2078125
2 0.43984375 0.71796875 0.025 0.003125
2 0.57109375 0.8515625 0.096875 0.16875
0 0.459375 0.39453125 0.03125 0.0140625
0 0.80703125 0.6703125 0.0515625 0.0375