3 0.1921875 0.15625 0.384375 0.3125
3 0.5 0.490625 1 0.92734375
2 0.078125 0.05234375 0.1203125 0.05546875
2 0.26953125 0.3625 0.1390625 0.090625
2 0.33046875 0.215625 0.10078125 0.07109375
2 0.48359375 0.07734375 0.1109375 0.05390625
2 0.746875 0.21328125 0.146875 0.06953125
2 0.6078125 0.275 0.1296875 0.07109375
2 0.54609375 0.3953125 0.1625 0.1
2 0.3375 0.440625 0.16640625 0.1
2 0.0484375 0.8 0.096875 0.140625
2 0.60703125 0.64921875 0.20703125 0.15234375
2 0.71796875 0.56015625 0.003125 0.025
2 0.8515625 0.42890625 0.16953125 0.096875
0 0.39453125 0.540625 0.01484375 0.0296875
0 0.6703125 0.19296875 0.03828125 0.05078125