2 0.4359375 0.0546875 0.103125 0.090625
2 0.24609375 0.04609375 0.1078125 0.0859375
2 0.3421875 0.01796875 0.096875 0.0359375
2 0.684375 0.0328125 0.11875 0.065625
2 0.328125 0.1421875 0.109375 0.078125
2 0.10859375 0.190625 0.1171875 0.08125
2 0.23203125 0.23515625 0.1171875 0.1046875
2 0.0984375 0.2890625 0.121875 0.090625
2 0.52265625 0.19765625 0.1140625 0.09375
2 0.7359375 0.215625 0.109375 0.09375
2 0.6390625 0.26875 0.115625 0.1
2 0.8703125 0.3078125 0.134375 0.090625
2 0.71171875 0.36484375 0.0875 0.08125
2 0.4109375 0.2609375 0.109375 0.090625
2 0.31953125 0.3171875 0.11875 0.10625
2 0.06875 0.3875 0.125 0.1
2 0.17734375 0.36484375 0.0984375 0.0984375
2 0.8765625 0.46171875 0.128125 0.1125
2 0.74140625 0.46484375 0.1265625 0.1078125
2 0.540625 0.31015625 0.10625 0.1046875
2 0.44140625 0.35859375 0.1015625 0.09375
2 0.56640625 0.44375 0.1234375 0.1125
2 0.91171875 0.578125 0.1359375 0.121875
2 0.746875 0.5828125 0.14375 0.115625
2 0.31015625 0.4078125 0.1234375 0.0625
2 0.45234375 0.4890625 0.078125 0.11875
2 0.35390625 0.48125 0.11875 0.1
2 0.18515625 0.47890625 0.1078125 0.1265625
2 0.06953125 0.5125 0.134375 0.121875
2 0.0875 0.678125 0.14375 0.125
2 0.23046875 0.67109375 0.1140625 0.1140625
2 0.31015625 0.5859375 0.1234375 0.140625
2 0.55859375 0.58125 0.1265625 0.13125
2 0.4453125 0.6390625 0.128125 0.128125
2 0.359375 0.73046875 0.134375 0.0984375
2 0.1546875 0.79140625 0.128125 0.125
2 0.30078125 0.90078125 0.128125 0.1328125
2 0.4484375 0.89375 0.15 0.159375
2 0.52265625 0.73984375 0.1453125 0.1015625
2 0.66171875 0.68046875 0.13125 0.0921875
2 0.8546875 0.690625 0.115625 0.121875
2 0.76484375 0.75078125 0.1328125 0.1484375
2 0.64296875 0.8171875 0.1171875 0.125
3 0.5 0.5 1 1