3 0.5015625 0.45859375 0.996875 0.64609375
2 0.32109375 0.5953125 0.115625 0.0796875
2 0.390625 0.65 0.11875 0.084375
2 0.43203125 0.553125 0.1203125 0.0875
2 0.40546875 0.4546875 0.1171875 0.07109375
2 0.2765625 0.53046875 0.13359375 0.05859375
2 0.2578125 0.4703125 0.10625 0.07265625
2 0.1515625 0.45078125 0.11640625 0.08515625
2 0.2078125 0.3734375 0.11171875 0.06875
2 0.303125 0.3328125 0.09921875 0.06953125
2 0.35546875 0.3890625 0.11796875 0.075
2 0.4640625 0.403125 0.1046875 0.075
2 0.48984375 0.4828125 0.084375 0.07734375
2 0.11875 0.590625 0.11875 0.08828125
2 0.59375 0.54296875 0.11171875 0.0765625
2 0.5390625 0.621875 0.08515625 0.07734375
2 0.72578125 0.6015625 0.096875 0.08125
2 0.759375 0.52421875 0.11484375 0.0796875
2 0.6109375 0.41953125 0.09609375 0.05390625
2 0.70703125 0.3859375 0.09453125 0.06484375
2 0.571875 0.34765625 0.06796875 0.06875
2 0.7125 0.2875 0.0984375 0.078125
2 0.56484375 0.28359375 0.0953125 0.06796875
2 0.43984375 0.265625 0.11015625 0.06171875
2 0.4671875 0.32421875 0.04296875 0.0640625