3 0.54140625 0.5015625 0.6453125 0.996875
2 0.4046875 0.32109375 0.078125 0.115625
2 0.35 0.390625 0.084375 0.11875
2 0.446875 0.43203125 0.0875 0.1203125
2 0.5453125 0.40546875 0.071875 0.1171875
2 0.46953125 0.2765625 0.0578125 0.134375
2 0.5296875 0.2578125 0.071875 0.10625
2 0.54921875 0.1515625 0.0859375 0.115625
2 0.6265625 0.2078125 0.06875 0.1125
2 0.6671875 0.303125 0.06875 0.1
2 0.6109375 0.35546875 0.075 0.1171875
2 0.596875 0.4640625 0.075 0.103125
2 0.5171875 0.48984375 0.078125 0.084375
2 0.409375 0.11875 0.0875 0.11875
2 0.45703125 0.59375 0.0765625 0.1125
2 0.378125 0.5390625 0.078125 0.084375
2 0.3984375 0.72578125 0.08125 0.096875
2 0.47578125 0.759375 0.0796875 0.115625
2 0.58046875 0.6109375 0.0546875 0.096875
2 0.6140625 0.70703125 0.065625 0.0953125
2 0.65234375 0.571875 0.06875 0.06875
2 0.7125 0.7125 0.078125 0.1
2 0.71640625 0.56484375 0.0671875 0.0953125
2 0.734375 0.43984375 0.0625 0.1109375
2 0.67578125 0.4671875 0.0640625 0.04375