3 0.47109375 0.45546875 0.8296875 0.9109375
2 0.6140625 0.11796875 0.05 0.0640625
2 0.5796875 0.2140625 0.040625 0.05
2 0.55625 0.146875 0.04375 0.04375
2 0.51796875 0.06640625 0.040625 0.059375
2 0.46953125 0.09921875 0.0484375 0.0640625
2 0.50625 0.18828125 0.034375 0.0515625
2 0.53515625 0.2875 0.0421875 0.05
2 0.46015625 0.25234375 0.0453125 0.0484375
2 0.428125 0.146875 0.04375 0.065625
2 0.40625 0.06953125 0.0484375 0.0640625
2 0.49375 0.38828125 0.03125 0.0421875
2 0.45078125 0.33828125 0.0421875 0.0453125
2 0.4171875 0.2828125 0.04375 0.046875
2 0.40625 0.22265625 0.046875 0.0640625
2 0.33828125 0.1421875 0.05 0.0625
2 0.28125 0.121875 0.046875 0.0625
2 0.259375 0.196875 0.05 0.05625
2 0.34296875 0.2296875 0.0296875 0.0375
2 0.39296875 0.33671875 0.0390625 0.0453125
2 0.4296875 0.40625 0.03125 0.040625
2 0.44375 0.47109375 0.034375 0.0359375
2 0.390625 0.4859375 0.034375 0.0375
2 0.37265625 0.40390625 0.0359375 0.0375
2 0.3453125 0.32890625 0.040625 0.0421875
2 0.31171875 0.26640625 0.0375 0.0546875
2 0.325 0.3734375 0.040625 0.046875
2 0.26171875 0.2875 0.046875 0.0625
2 0.32578125 0.5359375 0.0390625 0.040625
2 0.271875 0.5328125 0.03125 0.034375
2 0.3203125 0.47421875 0.034375 0.0421875
2 0.29375 0.42421875 0.04375 0.0421875
2 0.25 0.4546875 0.034375 0.04375
2 0.2390625 0.35 0.04375 0.05
2 0.19453125 0.52265625 0.0328125 0.0421875
2 0.11015625 0.49609375 0.0375 0.0484375
2 0.1421875 0.4609375 0.0375 0.046875
2 0.184375 0.45390625 0.0375 0.0390625
2 0.19140625 0.36640625 0.0421875 0.0421875
2 0.11171875 0.3921875 0.0359375 0.046875
2 0.10078125 0.44296875 0.0328125 0.0359375
2 0.20078125 0.29921875 0.0453125 0.0515625
2 0.17421875 0.25703125 0.0296875 0.0265625
2 0.196875 0.2046875 0.04375 0.05
2 0.14375 0.290625 0.0375 0.053125
2 0.1125 0.3296875 0.040625 0.046875
1 0.5484375 0.88359375 0.0125 0.01875
1 0.5328125 0.71640625 0.015625 0.0171875
1 0.415625 0.86875 0.0125 0.01875
1 0.40703125 0.85546875 0.0109375 0.0171875
1 0.38203125 0.75859375 0.0140625 0.0171875
1 0.42421875 0.63359375 0.0109375 0.0171875
1 0.25078125 0.653125 0.0171875 0.01875
1 0.10703125 0.55078125 0.0203125 0.0234375
1 0.19921875 0.5609375 0.0171875 0.015625
1 0.321875 0.5734375 0.01875 0.015625