3 0.52890625 0.54453125 0.8296875 0.9109375
2 0.3859375 0.88203125 0.05078125 0.06484375
2 0.4203125 0.7859375 0.04140625 0.04921875
2 0.44375 0.853125 0.04453125 0.0453125
2 0.48203125 0.93359375 0.040625 0.059375
2 0.53046875 0.90078125 0.04765625 0.06328125
2 0.49375 0.81171875 0.034375 0.05078125
2 0.46484375 0.7125 0.04140625 0.04921875
2 0.53984375 0.74765625 0.04609375 0.04921875
2 0.571875 0.853125 0.04296875 0.065625
2 0.59375 0.93046875 0.0484375 0.06328125
2 0.50625 0.61171875 0.03203125 0.04296875
2 0.54921875 0.66171875 0.0421875 0.04609375
2 0.5828125 0.7171875 0.04296875 0.0453125
2 0.59375 0.77734375 0.04765625 0.06484375
2 0.66171875 0.8578125 0.05 0.0625
2 0.71875 0.878125 0.04765625 0.0625
2 0.740625 0.803125 0.05078125 0.0578125
2 0.65703125 0.7703125 0.0296875 0.03828125
2 0.60703125 0.66328125 0.0390625 0.0453125
2 0.5703125 0.59375 0.03046875 0.04140625
2 0.55625 0.52890625 0.03359375 0.0359375
2 0.609375 0.5140625 0.03359375 0.03828125
2 0.62734375 0.59609375 0.0359375 0.0375
2 0.6546875 0.67109375 0.0421875 0.04140625
2 0.68828125 0.73359375 0.0375 0.05390625
2 0.675 0.6265625 0.04140625 0.046875
2 0.73828125 0.7125 0.046875 0.0640625
2 0.67421875 0.4640625 0.03828125 0.04140625
2 0.728125 0.4671875 0.03203125 0.034375
2 0.6796875 0.52578125 0.03515625 0.04140625
2 0.70625 0.57578125 0.0421875 0.04296875
2 0.75 0.5453125 0.034375 0.04453125
2 0.7609375 0.65 0.04296875 0.0484375
2 0.80546875 0.47734375 0.03359375 0.04140625
2 0.88984375 0.50390625 0.0375 0.04765625
2 0.8578125 0.5390625 0.03671875 0.04609375
2 0.815625 0.54609375 0.0359375 0.0390625
2 0.80859375 0.63359375 0.04140625 0.04140625
2 0.88828125 0.6078125 0.03515625 0.046875
2 0.89921875 0.55703125 0.03203125 0.0359375
2 0.79921875 0.70078125 0.04453125 0.0515625
2 0.82578125 0.74296875 0.02890625 0.02734375
2 0.803125 0.7953125 0.0453125 0.04921875
2 0.85625 0.709375 0.0375 0.05234375
2 0.8875 0.6703125 0.04140625 0.0453125
1 0.4515625 0.11640625 0.01328125 0.01875
1 0.4671875 0.28359375 0.01640625 0.01796875
1 0.584375 0.13125 0.01171875 0.0171875
1 0.59296875 0.14453125 0.01171875 0.0171875
1 0.61796875 0.24140625 0.01328125 0.0171875
1 0.57578125 0.36640625 0.01171875 0.01796875
1 0.74921875 0.346875 0.01796875 0.0171875
1 0.89296875 0.44921875 0.02109375 0.02421875
1 0.80078125 0.4390625 0.0171875 0.0171875
1 0.678125 0.4265625 0.0171875 0.015625