3 0.49765625 0.5 0.9953125 1
1 0.97109375 0.19921875 0.0484375 0.090625
1 0.784375 0.178125 0.065625 0.10625
1 0.82578125 0.23125 0.0421875 0.0625
1 0.80078125 0.321875 0.0515625 0.08125
1 0.8234375 0.47890625 0.053125 0.0703125
1 0.8703125 0.93359375 0.05 0.0640625
1 0.809375 0.884375 0.040625 0.046875
1 0.8640625 0.7921875 0.053125 0.059375
1 0.63125 0.9390625 0.059375 0.0875
1 0.7 0.96796875 0.06875 0.0421875
1 0.57734375 0.15234375 0.0375 0.0765625
1 0.3859375 0.1359375 0.0625 0.078125
1 0.4125 0.384375 0.096875 0.1375
1 0.15234375 0.22734375 0.0609375 0.0890625
1 0.2359375 0.24921875 0.059375 0.1140625
1 0.29609375 0.33671875 0.0265625 0.0515625
1 0.05703125 0.19296875 0.06875 0.0765625
1 0.225 0.3984375 0.053125 0.084375
1 0.2546875 0.584375 0.05625 0.08125
1 0.56484375 0.490625 0.0328125 0.071875
1 0.5578125 0.61328125 0.046875 0.084375
1 0.56953125 0.7484375 0.0609375 0.078125
1 0.471875 0.71875 0.04375 0.059375
1 0.42890625 0.9484375 0.0609375 0.084375
1 0.265625 0.79140625 0.05625 0.0765625
1 0.209375 0.9765625 0.06875 0.046875
1 0.03984375 0.63125 0.0796875 0.14375
1 0.0828125 0.81015625 0.071875 0.084375
1 0.05 0.8921875 0.06875 0.075
2 0.88203125 0.32578125 0.1171875 0.1234375
2 0.76875 0.515625 0.08125 0.171875
2 0.8984375 0.61484375 0.128125 0.1234375
2 0.90703125 0.83046875 0.0953125 0.1546875
2 0.709375 0.7859375 0.128125 0.1125
2 0.4015625 0.26953125 0.15 0.15
2 0.52265625 0.86796875 0.0921875 0.1546875
2 0.37109375 0.7171875 0.1453125 0.2125
2 0.1390625 0.62109375 0.159375 0.1578125