3 0.50234375 0.5 0.9953125 1
1 0.02890625 0.80078125 0.0484375 0.090625
1 0.215625 0.821875 0.065625 0.10625
1 0.17421875 0.76875 0.0421875 0.0625
1 0.19921875 0.678125 0.0515625 0.08125
1 0.1765625 0.52109375 0.053125 0.0703125
1 0.1296875 0.06640625 0.05 0.0640625
1 0.190625 0.115625 0.040625 0.046875
1 0.1359375 0.2078125 0.053125 0.059375
1 0.36875 0.0609375 0.059375 0.0875
1 0.3 0.03203125 0.06875 0.0421875
1 0.42265625 0.84765625 0.0375 0.0765625
1 0.6140625 0.8640625 0.0625 0.078125
1 0.5875 0.615625 0.096875 0.1375
1 0.84765625 0.77265625 0.0609375 0.0890625
1 0.7640625 0.75078125 0.059375 0.1140625
1 0.70390625 0.66328125 0.0265625 0.0515625
1 0.94296875 0.80703125 0.06875 0.0765625
1 0.775 0.6015625 0.053125 0.084375
1 0.7453125 0.415625 0.05625 0.08125
1 0.43515625 0.509375 0.0328125 0.071875
1 0.4421875 0.38671875 0.046875 0.084375
1 0.43046875 0.2515625 0.0609375 0.078125
1 0.528125 0.28125 0.04375 0.059375
1 0.57109375 0.0515625 0.0609375 0.084375
1 0.734375 0.20859375 0.05625 0.0765625
1 0.790625 0.0234375 0.06875 0.046875
1 0.96015625 0.36875 0.0796875 0.14375
1 0.9171875 0.18984375 0.071875 0.084375
1 0.95 0.1078125 0.06875 0.075
2 0.11796875 0.67421875 0.1171875 0.1234375
2 0.23125 0.484375 0.08125 0.171875
2 0.1015625 0.38515625 0.128125 0.1234375
2 0.09296875 0.16953125 0.0953125 0.1546875
2 0.290625 0.2140625 0.128125 0.1125
2 0.5984375 0.73046875 0.15 0.15
2 0.47734375 0.13203125 0.0921875 0.1546875
2 0.62890625 0.2828125 0.1453125 0.2125
2 0.8609375 0.37890625 0.159375 0.1578125