3 0.5 0.50234375 1 0.9953125
1 0.19921875 0.02890625 0.090625 0.04765625
1 0.178125 0.215625 0.10546875 0.065625
1 0.23125 0.17421875 0.06171875 0.04296875
1 0.321875 0.19921875 0.08046875 0.05078125
1 0.47890625 0.1765625 0.07109375 0.05234375
1 0.93359375 0.1296875 0.06484375 0.04921875
1 0.884375 0.190625 0.04765625 0.04140625
1 0.7921875 0.1359375 0.0609375 0.053125
1 0.9390625 0.36875 0.08828125 0.059375
1 0.96796875 0.3 0.04140625 0.06953125
1 0.15234375 0.42265625 0.0765625 0.0375
1 0.1359375 0.6140625 0.07890625 0.06328125
1 0.384375 0.5875 0.13671875 0.096875
1 0.22734375 0.84765625 0.08828125 0.06015625
1 0.24921875 0.7640625 0.1140625 0.0578125
1 0.33671875 0.70390625 0.0515625 0.0265625
1 0.19296875 0.94296875 0.0765625 0.06875
1 0.3984375 0.775 0.0828125 0.053125
1 0.584375 0.7453125 0.0796875 0.05546875
1 0.490625 0.43515625 0.07109375 0.03359375
1 0.61328125 0.4421875 0.084375 0.046875
1 0.7484375 0.43046875 0.0765625 0.0609375
1 0.71875 0.528125 0.05859375 0.0421875
1 0.9484375 0.57109375 0.084375 0.06171875
1 0.79140625 0.734375 0.07578125 0.05703125
1 0.9765625 0.790625 0.046875 0.0703125
1 0.63125 0.96015625 0.14375 0.07890625
1 0.81015625 0.9171875 0.084375 0.0703125
1 0.8921875 0.95 0.07578125 0.0671875
2 0.32578125 0.11796875 0.12265625 0.11796875
2 0.515625 0.23125 0.171875 0.08203125
2 0.61484375 0.1015625 0.12265625 0.12890625
2 0.83046875 0.09296875 0.1546875 0.09609375
2 0.7859375 0.290625 0.1125 0.128125
2 0.26953125 0.5984375 0.15 0.15078125
2 0.86796875 0.47734375 0.15390625 0.0921875
2 0.7171875 0.62890625 0.2125 0.1453125
2 0.62109375 0.8609375 0.1578125 0.15859375