3 0.52265625 0.51640625 0.9390625 0.703125
2 0.153125 0.54453125 0.13828125 0.1265625
2 0.353125 0.64296875 0.08203125 0.1359375
2 0.34921875 0.5109375 0.13203125 0.1359375
2 0.196875 0.3484375 0.07890625 0.10703125
2 0.2828125 0.41953125 0.08515625 0.0734375
2 0.31875 0.2515625 0.1 0.07421875
2 0.4296875 0.21640625 0.07890625 0.08125
2 0.53984375 0.22734375 0.096875 0.0796875
2 0.57578125 0.3609375 0.10703125 0.109375
2 0.83984375 0.43359375 0.11953125 0.10390625
2 0.77734375 0.3265625 0.06484375 0.04921875