3 0.50078125 0.5 0.9984375 1
1 0.1296875 0.80234375 0.02890625 0.04453125
1 0.309375 0.7796875 0.04765625 0.07109375
1 0.32578125 0.6015625 0.04296875 0.06328125
1 0.21796875 0.65390625 0.05078125 0.08828125
1 0.1078125 0.6125 0.03671875 0.0703125
1 0.271875 0.57265625 0.04765625 0.09765625
1 0.19453125 0.5625 0.065625 0.0578125
1 0.36640625 0.51015625 0.05 0.046875
1 0.3875 0.440625 0.05390625 0.07890625
1 0.1109375 0.54609375 0.034375 0.04375
1 0.23125 0.50234375 0.040625 0.05625
1 0.19765625 0.50390625 0.028125 0.0171875
1 0.09921875 0.4796875 0.07421875 0.04609375
1 0.06640625 0.4546875 0.03828125 0.0484375
1 0.1703125 0.46171875 0.046875 0.0265625
1 0.18515625 0.3921875 0.0609375 0.1
1 0.10078125 0.37890625 0.040625 0.0390625
1 0.2765625 0.4015625 0.0328125 0.0375
1 0.30078125 0.378125 0.01796875 0.05078125
1 0.11953125 0.2859375 0.0375 0.04453125
1 0.1625 0.26484375 0.0390625 0.06171875
1 0.171875 0.1875 0.03125 0.03515625
1 0.22578125 0.296875 0.04609375 0.040625
1 0.23984375 0.33203125 0.03828125 0.02109375
1 0.39453125 0.33515625 0.0359375 0.02890625
1 0.4390625 0.3328125 0.0359375 0.02578125
1 0.4484375 0.29453125 0.02890625 0.040625
1 0.434375 0.2546875 0.034375 0.03671875
1 0.4046875 0.22734375 0.03046875 0.04140625
1 0.36484375 0.2796875 0.0265625 0.040625
1 0.2828125 0.25703125 0.03828125 0.0671875
1 0.4 0.16640625 0.028125 0.03046875
1 0.41875 0.1328125 0.0359375 0.03203125
1 0.3515625 0.10546875 0.06328125 0.03828125
1 0.328125 0.15078125 0.0296875 0.05390625
1 0.365625 0.16875 0.0296875 0.0265625
1 0.340625 0.040625 0.025 0.05234375
1 0.45546875 0.046875 0.075 0.08359375