3 0.49921875 0.5 0.9984375 1
1 0.8703125 0.19765625 0.028125 0.0453125
1 0.690625 0.2203125 0.046875 0.071875
1 0.67421875 0.3984375 0.0421875 0.0625
1 0.78203125 0.34609375 0.0515625 0.0890625
1 0.8921875 0.3875 0.0375 0.06875
1 0.728125 0.42734375 0.046875 0.0984375
1 0.80546875 0.4375 0.065625 0.05625
1 0.63359375 0.48984375 0.05 0.046875
1 0.6125 0.559375 0.053125 0.078125
1 0.8890625 0.45390625 0.034375 0.04375
1 0.76875 0.49765625 0.040625 0.05625
1 0.80234375 0.49609375 0.028125 0.0171875
1 0.90078125 0.5203125 0.0734375 0.046875
1 0.93359375 0.5453125 0.0390625 0.046875
1 0.8296875 0.53828125 0.046875 0.0265625
1 0.81484375 0.6078125 0.0609375 0.1
1 0.89921875 0.62109375 0.040625 0.0390625
1 0.7234375 0.5984375 0.034375 0.0375
1 0.69921875 0.621875 0.0171875 0.05
1 0.88046875 0.7140625 0.0375 0.04375
1 0.8375 0.73515625 0.0375 0.0609375
1 0.828125 0.8125 0.03125 0.034375
1 0.77421875 0.703125 0.0453125 0.040625
1 0.76015625 0.66796875 0.0390625 0.0203125
1 0.60546875 0.66484375 0.0359375 0.0296875
1 0.5609375 0.6671875 0.034375 0.025
1 0.5515625 0.70546875 0.028125 0.040625
1 0.565625 0.7453125 0.034375 0.0375
1 0.5953125 0.77265625 0.03125 0.0421875
1 0.63515625 0.7203125 0.0265625 0.040625
1 0.7171875 0.74296875 0.0375 0.0671875
1 0.6 0.83359375 0.028125 0.0296875
1 0.58125 0.8671875 0.0375 0.03125
1 0.6484375 0.89453125 0.0625 0.0390625
1 0.671875 0.84921875 0.03125 0.0546875
1 0.634375 0.83125 0.03125 0.025
1 0.659375 0.959375 0.025 0.053125
1 0.54453125 0.953125 0.075 0.084375