3 0.6125 0.5078125 0.775 0.909375
1 0.740625 0.6859375 0.075 0.05625
1 0.65703125 0.69765625 0.0625 0.0546875
1 0.62109375 0.74140625 0.06875 0.046875
1 0.534375 0.76875 0.059375 0.04375
1 0.53828125 0.728125 0.05 0.0375
1 0.5015625 0.69140625 0.04375 0.0296875
1 0.53984375 0.6421875 0.0484375 0.046875
1 0.47109375 0.6015625 0.0515625 0.05
1 0.38515625 0.6515625 0.0390625 0.025
1 0.4046875 0.596875 0.059375 0.04375
1 0.37265625 0.4296875 0.0578125 0.059375
1 0.48359375 0.52734375 0.0484375 0.059375
1 0.434375 0.4984375 0.053125 0.0375
1 0.4578125 0.453125 0.075 0.053125
1 0.671875 0.63046875 0.06875 0.0515625
1 0.66171875 0.534375 0.0453125 0.10625
1 0.6 0.53125 0.0625 0.053125
1 0.55390625 0.48359375 0.06875 0.06875
1 0.63984375 0.44921875 0.0421875 0.053125
1 0.565625 0.3609375 0.05625 0.05
1 0.546875 0.29609375 0.05625 0.0703125
1 0.60859375 0.30390625 0.0609375 0.0484375