3 0.4921875 0.6125 0.9109375 0.775
1 0.3140625 0.740625 0.05546875 0.075
1 0.30234375 0.65703125 0.0546875 0.0625
1 0.25859375 0.62109375 0.046875 0.06875
1 0.23125 0.534375 0.0421875 0.05859375
1 0.271875 0.53828125 0.0390625 0.05
1 0.30859375 0.5015625 0.03046875 0.04375
1 0.3578125 0.53984375 0.0453125 0.04921875
1 0.3984375 0.47109375 0.04921875 0.05234375
1 0.3484375 0.38515625 0.02578125 0.0390625
1 0.403125 0.4046875 0.0453125 0.059375
1 0.5703125 0.37265625 0.05859375 0.05703125
1 0.47265625 0.48359375 0.059375 0.0484375
1 0.5015625 0.434375 0.0375 0.05234375
1 0.546875 0.4578125 0.05390625 0.075
1 0.36953125 0.671875 0.0515625 0.06875
1 0.465625 0.66171875 0.10703125 0.04609375
1 0.46875 0.6 0.053125 0.0640625
1 0.51640625 0.55390625 0.06875 0.06875
1 0.55078125 0.63984375 0.053125 0.0421875
1 0.6390625 0.565625 0.05 0.05546875
1 0.70390625 0.546875 0.06953125 0.05546875
1 0.69609375 0.60859375 0.04765625 0.0609375