3 0.5078125 0.3875 0.909375 0.775
1 0.6859375 0.259375 0.05625 0.075
1 0.69765625 0.34296875 0.0546875 0.0625
1 0.74140625 0.37890625 0.046875 0.06875
1 0.76875 0.465625 0.04375 0.059375
1 0.728125 0.46171875 0.0375 0.05
1 0.69140625 0.4984375 0.0296875 0.04375
1 0.6421875 0.46015625 0.046875 0.0484375
1 0.6015625 0.52890625 0.05 0.0515625
1 0.6515625 0.61484375 0.025 0.0390625
1 0.596875 0.5953125 0.04375 0.059375
1 0.4296875 0.62734375 0.059375 0.0578125
1 0.52734375 0.51640625 0.059375 0.0484375
1 0.4984375 0.565625 0.0375 0.053125
1 0.453125 0.5421875 0.053125 0.075
1 0.63046875 0.328125 0.0515625 0.06875
1 0.534375 0.33828125 0.10625 0.0453125
1 0.53125 0.4 0.053125 0.0625
1 0.48359375 0.44609375 0.06875 0.06875
1 0.44921875 0.36015625 0.053125 0.0421875
1 0.3609375 0.434375 0.05 0.05625
1 0.29609375 0.453125 0.0703125 0.05625
1 0.30390625 0.39140625 0.0484375 0.0609375