3 0.5 0.4953125 1 0.44375
2 0.04765625 0.42265625 0.0953125 0.05390625
2 0.0828125 0.4859375 0.13046875 0.053125
2 0.18515625 0.40859375 0.109375 0.046875
2 0.18515625 0.3359375 0.09921875 0.0375
2 0.321875 0.31875 0.09453125 0.034375
2 0.4203125 0.303125 0.09609375 0.03515625
2 0.63203125 0.3046875 0.07734375 0.02890625
2 0.76953125 0.35 0.0984375 0.03203125
2 0.89609375 0.40703125 0.109375 0.0390625
2 0.796875 0.47109375 0.121875 0.0484375
2 0.65 0.4109375 0.08828125 0.040625
2 0.4609375 0.3890625 0.0796875 0.04453125
2 0.37890625 0.35546875 0.096875 0.0375
2 0.29375 0.38671875 0.0953125 0.0390625
2 0.2703125 0.496875 0.12734375 0.053125
2 0.35625 0.44296875 0.109375 0.04453125
2 0.38984375 0.40625 0.0859375 0.0359375
2 0.45390625 0.45 0.07734375 0.05703125
2 0.24296875 0.6 0.14296875 0.06875
2 0.378125 0.515625 0.071875 0.0609375
2 0.4203125 0.5765625 0.0984375 0.059375
2 0.5125 0.52890625 0.1359375 0.05078125
2 0.60625 0.490625 0.11171875 0.03359375
2 0.75078125 0.5453125 0.13125 0.04609375
2 0.59296875 0.6015625 0.1484375 0.06796875