3 0.5046875 0.5 0.44375 1
2 0.57734375 0.04765625 0.0546875 0.0953125
2 0.5140625 0.0828125 0.053125 0.13125
2 0.59140625 0.18515625 0.046875 0.109375
2 0.6640625 0.18515625 0.0375 0.0984375
2 0.68125 0.321875 0.034375 0.09375
2 0.696875 0.4203125 0.034375 0.096875
2 0.6953125 0.63203125 0.028125 0.0765625
2 0.65 0.76953125 0.03125 0.0984375
2 0.59296875 0.89609375 0.0390625 0.109375
2 0.52890625 0.796875 0.0484375 0.121875
2 0.5890625 0.65 0.040625 0.0875
2 0.6109375 0.4609375 0.04375 0.078125
2 0.64453125 0.37890625 0.0375 0.096875
2 0.61328125 0.29375 0.0390625 0.09375
2 0.503125 0.2703125 0.053125 0.128125
2 0.55703125 0.35625 0.0453125 0.109375
2 0.59375 0.38984375 0.0375 0.0859375
2 0.55 0.45390625 0.05625 0.0765625
2 0.4 0.24296875 0.06875 0.1421875
2 0.484375 0.378125 0.0625 0.071875
2 0.4234375 0.4203125 0.059375 0.096875
2 0.47109375 0.5125 0.0515625 0.1375
2 0.509375 0.60625 0.034375 0.1125
2 0.4546875 0.75078125 0.046875 0.13125
2 0.3984375 0.59296875 0.06875 0.1484375