3 0.50859375 0.48125 0.921875 0.9
2 0.8515625 0.2421875 0.128125 0.11875
2 0.721875 0.2203125 0.1 0.103125
2 0.2578125 0.125 0.14375 0.125
2 0.1921875 0.3609375 0.159375 0.14375
2 0.265625 0.79296875 0.153125 0.1234375
2 0.5359375 0.77578125 0.121875 0.11875
2 0.52421875 0.65625 0.1203125 0.096875
2 0.8890625 0.71484375 0.103125 0.1015625
2 0.86640625 0.62109375 0.1015625 0.0734375
2 0.8515625 0.50390625 0.109375 0.1078125
2 0.82421875 0.396875 0.0953125 0.046875
2 0.753125 0.46953125 0.046875 0.046875
2 0.65546875 0.4796875 0.0953125 0.146875
2 0.52890625 0.26953125 0.0609375 0.115625
2 0.38828125 0.496875 0.0953125 0.078125
2 0.496875 0.29296875 0.1 0.1140625