3 0.48125 0.49140625 0.90078125 0.921875
2 0.2421875 0.1484375 0.11875 0.1265625
2 0.2203125 0.278125 0.1046875 0.09921875
2 0.125 0.7421875 0.1265625 0.14296875
2 0.3609375 0.8078125 0.14453125 0.1609375
2 0.79296875 0.734375 0.1234375 0.15234375
2 0.77578125 0.4640625 0.11875 0.1234375
2 0.65625 0.47578125 0.09765625 0.12109375
2 0.71484375 0.1109375 0.10078125 0.10390625
2 0.62109375 0.13359375 0.07265625 0.10078125
2 0.50390625 0.1484375 0.10859375 0.109375
2 0.396875 0.17578125 0.046875 0.0953125
2 0.46953125 0.246875 0.046875 0.046875
2 0.4796875 0.34453125 0.1453125 0.09453125
2 0.26953125 0.47109375 0.115625 0.06015625
2 0.496875 0.61171875 0.078125 0.09453125
2 0.29296875 0.503125 0.1140625 0.1