3 0.51875 0.50859375 0.9 0.921875
2 0.7578125 0.8515625 0.11875 0.128125
2 0.7796875 0.721875 0.103125 0.1
2 0.875 0.2578125 0.125 0.14375
2 0.6390625 0.1921875 0.14375 0.159375
2 0.20703125 0.265625 0.1234375 0.153125
2 0.22421875 0.5359375 0.11875 0.121875
2 0.34375 0.52421875 0.096875 0.1203125
2 0.28515625 0.8890625 0.1015625 0.103125
2 0.37890625 0.86640625 0.0734375 0.1015625
2 0.49609375 0.8515625 0.1078125 0.109375
2 0.603125 0.82421875 0.046875 0.0953125
2 0.53046875 0.753125 0.046875 0.046875
2 0.5203125 0.65546875 0.146875 0.0953125
2 0.73046875 0.52890625 0.115625 0.0609375
2 0.503125 0.38828125 0.078125 0.0953125
2 0.70703125 0.496875 0.1140625 0.1