3 0.48984375 0.4765625 0.93125 0.928125
1 0.73359375 0.29140625 0.0703125 0.0546875
1 0.67890625 0.30859375 0.0640625 0.059375
1 0.8046875 0.43046875 0.053125 0.0546875
1 0.7109375 0.66328125 0.065625 0.0625
1 0.640625 0.63828125 0.06875 0.0796875
1 0.59296875 0.70625 0.0546875 0.053125
1 0.5828125 0.58828125 0.06875 0.059375
1 0.39609375 0.68203125 0.0546875 0.0484375
1 0.48203125 0.7328125 0.053125 0.03125
1 0.3734375 0.46171875 0.084375 0.0390625
1 0.4109375 0.52734375 0.0625 0.0515625
1 0.46875 0.4515625 0.078125 0.0375
1 0.5265625 0.359375 0.046875 0.06875
1 0.60625 0.34609375 0.05625 0.053125