3 0.4765625 0.51015625 0.928125 0.93125
1 0.29140625 0.26640625 0.05546875 0.0703125
1 0.30859375 0.32109375 0.059375 0.06484375
1 0.43046875 0.1953125 0.05390625 0.05390625
1 0.66328125 0.2890625 0.0625 0.0640625
1 0.63828125 0.359375 0.0796875 0.06796875
1 0.70625 0.40703125 0.05390625 0.05546875
1 0.58828125 0.4171875 0.059375 0.06875
1 0.68203125 0.60390625 0.04921875 0.0546875
1 0.7328125 0.51796875 0.03046875 0.053125
1 0.46171875 0.6265625 0.0390625 0.08359375
1 0.52734375 0.5890625 0.0515625 0.0625
1 0.4515625 0.53125 0.03828125 0.07734375
1 0.359375 0.4734375 0.06953125 0.0484375
1 0.34609375 0.39375 0.053125 0.0578125