3 0.49921875 0.5 0.9984375 1
2 0.28984375 0.7203125 0.1828125 0.1875
2 0.4140625 0.66484375 0.128125 0.1890625
2 0.53515625 0.9140625 0.1265625 0.171875
2 0.2125 0.46875 0.23125 0.171875
2 0.1765625 0.26328125 0.215625 0.16875
2 0.303125 0.18203125 0.2 0.2078125
2 0.509375 0.084375 0.128125 0.16875
2 0.47578125 0.4265625 0.165625 0.1625
2 0.5328125 0.59921875 0.159375 0.1703125
2 0.60625 0.27421875 0.15 0.1265625
2 0.62578125 0.4109375 0.1296875 0.140625
2 0.721875 0.1203125 0.103125 0.178125
2 0.8796875 0.29765625 0.090625 0.1484375
2 0.87265625 0.43828125 0.1171875 0.115625
2 0.75234375 0.36171875 0.0828125 0.1734375
2 0.83046875 0.56328125 0.1546875 0.109375
2 0.7359375 0.540625 0.1 0.125
2 0.6953125 0.6734375 0.096875 0.175
2 0.8 0.69375 0.115625 0.1
2 0.7 0.82265625 0.15625 0.0890625