3 0.5 0.50078125 1 0.9984375
2 0.7203125 0.71015625 0.1875 0.1828125
2 0.66484375 0.5859375 0.18828125 0.12734375
2 0.9140625 0.46484375 0.171875 0.12734375
2 0.46875 0.7875 0.17265625 0.23125
2 0.26328125 0.8234375 0.16875 0.215625
2 0.18203125 0.696875 0.20703125 0.1984375
2 0.084375 0.490625 0.16796875 0.12734375
2 0.4265625 0.52421875 0.16171875 0.165625
2 0.59921875 0.4671875 0.1703125 0.1578125
2 0.27421875 0.39375 0.12578125 0.15078125
2 0.4109375 0.37421875 0.1421875 0.13046875
2 0.1203125 0.278125 0.1765625 0.10234375
2 0.29765625 0.1203125 0.1484375 0.0921875
2 0.43828125 0.12734375 0.115625 0.11640625
2 0.36171875 0.24765625 0.17421875 0.0828125
2 0.56328125 0.16953125 0.109375 0.1546875
2 0.540625 0.2640625 0.125 0.10078125
2 0.6734375 0.3046875 0.17578125 0.096875
2 0.69375 0.2 0.1 0.115625
2 0.82265625 0.3 0.08984375 0.1578125