3 0.5390625 0.49921875 0.615625 0.9984375
2 0.55859375 0.809375 0.0796875 0.14375
2 0.47109375 0.86796875 0.0640625 0.0828125
2 0.3734375 0.834375 0.05 0.071875
2 0.31640625 0.74609375 0.059375 0.0828125
2 0.40390625 0.5234375 0.0703125 0.103125
2 0.62734375 0.25390625 0.0796875 0.0828125
1 0.5 0.8484375 0.08125 0.078125
1 0.58359375 0.79375 0.0796875 0.0625
1 0.634375 0.7578125 0.04375 0.046875
1 0.66796875 0.73828125 0.0453125 0.034375
1 0.65 0.7015625 0.040625 0.0375
1 0.565625 0.7125 0.04375 0.05625
1 0.61484375 0.66953125 0.0234375 0.0203125
1 0.61875 0.609375 0.078125 0.0625
1 0.54453125 0.659375 0.084375 0.075
1 0.66171875 0.50234375 0.0390625 0.0609375
1 0.61015625 0.4875 0.040625 0.053125
1 0.61640625 0.45 0.0203125 0.025
1 0.615625 0.53203125 0.028125 0.0375
1 0.6203125 0.29375 0.040625 0.046875
1 0.6484375 0.24453125 0.0375 0.0359375
1 0.50234375 0.728125 0.0390625 0.046875
1 0.475 0.675 0.05625 0.059375
1 0.428125 0.63046875 0.04375 0.040625
1 0.375 0.790625 0.025 0.034375
1 0.2796875 0.63125 0.0375 0.053125
1 0.2828125 0.71796875 0.028125 0.0265625
1 0.2859375 0.58984375 0.046875 0.0328125
1 0.3734375 0.61171875 0.028125 0.0375
1 0.33984375 0.54921875 0.05625 0.0484375
1 0.28359375 0.49765625 0.0234375 0.0359375
1 0.5625 0.45546875 0.028125 0.0515625
1 0.4875 0.43046875 0.03125 0.0421875
1 0.43671875 0.54140625 0.053125 0.1203125
1 0.37890625 0.46640625 0.0609375 0.0640625
1 0.3390625 0.45703125 0.0625 0.0625
1 0.3078125 0.4234375 0.046875 0.08125
1 0.44765625 0.41171875 0.0328125 0.0390625
1 0.475 0.334375 0.10625 0.125
1 0.5 0.240625 0.05625 0.05625
1 0.30234375 0.30546875 0.021875 0.0359375
1 0.33046875 0.24296875 0.0203125 0.0296875
1 0.37890625 0.18203125 0.0484375 0.0359375
1 0.434375 0.2234375 0.059375 0.06875
1 0.47109375 0.11015625 0.0203125 0.0671875
1 0.51953125 0.11640625 0.034375 0.05
1 0.58125 0.134375 0.046875 0.04375