3 0.4609375 0.50078125 0.615625 0.9984375
2 0.44140625 0.190625 0.0796875 0.14375
2 0.52890625 0.13203125 0.0640625 0.0828125
2 0.6265625 0.165625 0.05 0.071875
2 0.68359375 0.25390625 0.059375 0.0828125
2 0.59609375 0.4765625 0.0703125 0.103125
2 0.37265625 0.74609375 0.0796875 0.0828125
1 0.5 0.1515625 0.08125 0.078125
1 0.41640625 0.20625 0.0796875 0.0625
1 0.365625 0.2421875 0.04375 0.046875
1 0.33203125 0.26171875 0.0453125 0.034375
1 0.35 0.2984375 0.040625 0.0375
1 0.434375 0.2875 0.04375 0.05625
1 0.38515625 0.33046875 0.0234375 0.0203125
1 0.38125 0.390625 0.078125 0.0625
1 0.45546875 0.340625 0.084375 0.075
1 0.33828125 0.49765625 0.0390625 0.0609375
1 0.38984375 0.5125 0.040625 0.053125
1 0.38359375 0.55 0.0203125 0.025
1 0.384375 0.46796875 0.028125 0.0375
1 0.3796875 0.70625 0.040625 0.046875
1 0.3515625 0.75546875 0.0375 0.0359375
1 0.49765625 0.271875 0.0390625 0.046875
1 0.525 0.325 0.05625 0.059375
1 0.571875 0.36953125 0.04375 0.040625
1 0.625 0.209375 0.025 0.034375
1 0.7203125 0.36875 0.0375 0.053125
1 0.7171875 0.28203125 0.028125 0.0265625
1 0.7140625 0.41015625 0.046875 0.0328125
1 0.6265625 0.38828125 0.028125 0.0375
1 0.66015625 0.45078125 0.05625 0.0484375
1 0.71640625 0.50234375 0.0234375 0.0359375
1 0.4375 0.54453125 0.028125 0.0515625
1 0.5125 0.56953125 0.03125 0.0421875
1 0.56328125 0.45859375 0.053125 0.1203125
1 0.62109375 0.53359375 0.0609375 0.0640625
1 0.6609375 0.54296875 0.0625 0.0625
1 0.6921875 0.5765625 0.046875 0.08125
1 0.55234375 0.58828125 0.0328125 0.0390625
1 0.525 0.665625 0.10625 0.125
1 0.5 0.759375 0.05625 0.05625
1 0.69765625 0.69453125 0.021875 0.0359375
1 0.66953125 0.75703125 0.0203125 0.0296875
1 0.62109375 0.81796875 0.0484375 0.0359375
1 0.565625 0.7765625 0.059375 0.06875
1 0.52890625 0.88984375 0.0203125 0.0671875
1 0.48046875 0.88359375 0.034375 0.05
1 0.41875 0.865625 0.046875 0.04375