3 0.50078125 0.5390625 0.9984375 0.61640625
2 0.190625 0.55859375 0.14375 0.08046875
2 0.13203125 0.47109375 0.08203125 0.06328125
2 0.165625 0.3734375 0.071875 0.04921875
2 0.25390625 0.31640625 0.0828125 0.059375
2 0.4765625 0.40390625 0.1046875 0.06953125
2 0.74609375 0.62734375 0.0828125 0.07890625
1 0.1515625 0.5 0.078125 0.08125
1 0.20625 0.58359375 0.0609375 0.08046875
1 0.2421875 0.634375 0.04609375 0.04296875
1 0.26171875 0.66796875 0.034375 0.0453125
1 0.2984375 0.65 0.0375 0.04140625
1 0.2875 0.565625 0.0546875 0.04375
1 0.33046875 0.61484375 0.01953125 0.02265625
1 0.390625 0.61875 0.0625 0.07890625
1 0.340625 0.54453125 0.0734375 0.084375
1 0.49765625 0.66171875 0.0609375 0.03984375
1 0.5125 0.61015625 0.05234375 0.040625
1 0.55 0.61640625 0.0234375 0.01953125
1 0.46796875 0.615625 0.0375 0.02890625
1 0.70625 0.6203125 0.046875 0.0390625
1 0.75546875 0.6484375 0.03515625 0.03671875
1 0.271875 0.50234375 0.046875 0.03828125
1 0.325 0.475 0.05859375 0.05703125
1 0.36953125 0.428125 0.040625 0.04296875
1 0.209375 0.375 0.03515625 0.02578125
1 0.36875 0.2796875 0.053125 0.03671875
1 0.28203125 0.2828125 0.02734375 0.0265625
1 0.41015625 0.2859375 0.0328125 0.046875
1 0.38828125 0.3734375 0.0375 0.028125
1 0.45078125 0.33984375 0.0484375 0.05625
1 0.50234375 0.28359375 0.0359375 0.02421875
1 0.54453125 0.5625 0.0515625 0.02734375
1 0.56953125 0.4875 0.0421875 0.03203125
1 0.45859375 0.43671875 0.12109375 0.053125
1 0.53359375 0.37890625 0.06484375 0.06015625
1 0.54296875 0.3390625 0.0625 0.06171875
1 0.5765625 0.3078125 0.08125 0.046875
1 0.58828125 0.44765625 0.0390625 0.03359375
1 0.665625 0.475 0.125 0.10546875
1 0.759375 0.5 0.05703125 0.0546875
1 0.69453125 0.30234375 0.03671875 0.021875
1 0.75703125 0.33046875 0.02890625 0.0203125
1 0.81796875 0.37890625 0.03671875 0.04921875
1 0.7765625 0.434375 0.06875 0.05859375
1 0.88984375 0.47109375 0.06640625 0.0203125
1 0.88359375 0.51953125 0.05 0.034375
1 0.865625 0.58125 0.04453125 0.04765625