3 0.5 0.4578125 1 0.8875
0 0.796875 0.6 0.2078125 0.05703125
0 0.77578125 0.08671875 0.1671875 0.0765625
0 0.9890625 0.05859375 0.02109375 0.02578125
0 0.89296875 0.10703125 0.10546875 0.05
0 0.98828125 0.17109375 0.02265625 0.0625
0 0.98828125 0.22578125 0.02265625 0.015625
0 0.9203125 0.30390625 0.159375 0.0703125
0 0.8125 0.365625 0.13359375 0.04453125
0 0.79140625 0.4578125 0.15703125 0.09140625
0 0.578125 0.4828125 0.41953125 0.209375
0 0.278125 0.353125 0.37734375 0.1671875
0 0.5015625 0.24765625 0.07265625 0.06875
0 0.34609375 0.20390625 0.1484375 0.096875
0 0.6984375 0.23359375 0.19453125 0.1890625