3 0.5 0.4578125 1 0.8875
0 0.796875 0.6 0.20625 0.05625
0 0.77578125 0.08671875 0.1671875 0.0765625
0 0.9890625 0.05859375 0.021875 0.0265625
0 0.89296875 0.10703125 0.1046875 0.05
0 0.98828125 0.17109375 0.0234375 0.0625
0 0.98828125 0.22578125 0.0234375 0.015625
0 0.9203125 0.30390625 0.159375 0.0703125
0 0.8125 0.365625 0.134375 0.04375
0 0.79140625 0.4578125 0.1578125 0.090625
0 0.578125 0.4828125 0.41875 0.209375
0 0.278125 0.353125 0.378125 0.16875
0 0.5015625 0.24765625 0.071875 0.06875
0 0.34609375 0.20390625 0.1484375 0.096875
0 0.6984375 0.23359375 0.19375 0.1890625