3 0.5 0.5421875 1 0.8875
0 0.203125 0.4 0.20625 0.05625
0 0.22421875 0.91328125 0.1671875 0.0765625
0 0.0109375 0.94140625 0.021875 0.0265625
0 0.10703125 0.89296875 0.1046875 0.05
0 0.01171875 0.82890625 0.0234375 0.0625
0 0.01171875 0.77421875 0.0234375 0.015625
0 0.0796875 0.69609375 0.159375 0.0703125
0 0.1875 0.634375 0.134375 0.04375
0 0.20859375 0.5421875 0.1578125 0.090625
0 0.421875 0.5171875 0.41875 0.209375
0 0.721875 0.646875 0.378125 0.16875
0 0.4984375 0.75234375 0.071875 0.06875
0 0.65390625 0.79609375 0.1484375 0.096875
0 0.3015625 0.76640625 0.19375 0.1890625