3 0.5 0.5 1 1
0 0.16328125 0.45859375 0.0890625 0.0890625
0 0.06953125 0.3796875 0.1390625 0.078125
0 0.23984375 0.85859375 0.159375 0.2359375
0 0.575 0.94765625 0.06875 0.0890625
0 0.79921875 0.28984375 0.0671875 0.0609375
0 0.91171875 0.1484375 0.0671875 0.0625
0 0.85234375 0.18203125 0.0453125 0.0265625
0 0.7828125 0.1828125 0.053125 0.040625
0 0.79765625 0.28984375 0.08125 0.0578125
0 0.42890625 0.2 0.0546875 0.078125
0 0.45703125 0.26484375 0.0515625 0.0296875
0 0.4890625 0.58515625 0.046875 0.0453125
0 0.5734375 0.94453125 0.071875 0.06875
0 0.809375 0.64609375 0.06875 0.046875