3 0.5 0.5 1 1
0 0.54140625 0.16328125 0.08828125 0.0890625
0 0.6203125 0.06953125 0.0765625 0.1390625
0 0.14140625 0.23984375 0.2359375 0.159375
0 0.05234375 0.575 0.08984375 0.06796875
0 0.71015625 0.79921875 0.0609375 0.0671875
0 0.8515625 0.91171875 0.06171875 0.06796875
0 0.81796875 0.85234375 0.0265625 0.04453125
0 0.8171875 0.7828125 0.0390625 0.05234375
0 0.71015625 0.79765625 0.05703125 0.08125
0 0.8 0.42890625 0.07734375 0.05390625
0 0.73515625 0.45703125 0.02890625 0.05234375
0 0.41484375 0.4890625 0.0453125 0.046875
0 0.05546875 0.5734375 0.06875 0.0703125
0 0.35390625 0.809375 0.046875 0.06875