3 0.49375 0.51796875 0.9125 0.9328125
2 0.8203125 0.7484375 0.16875 0.128125
2 0.8015625 0.509375 0.09375 0.075
2 0.72578125 0.26328125 0.1609375 0.1234375
2 0.5515625 0.20390625 0.134375 0.1140625
2 0.45078125 0.103125 0.1078125 0.0875
2 0.2890625 0.1125 0.08125 0.084375
2 0.36640625 0.2671875 0.0734375 0.071875
2 0.43984375 0.3765625 0.1140625 0.109375
2 0.18515625 0.21015625 0.0609375 0.0796875
2 0.2921875 0.39375 0.065625 0.0875
2 0.24375 0.4453125 0.059375 0.059375
2 0.17890625 0.4078125 0.0578125 0.084375
2 0.16328125 0.51328125 0.0515625 0.084375
2 0.0703125 0.50546875 0.053125 0.0765625
2 0.09453125 0.63671875 0.046875 0.0734375
2 0.153125 0.7640625 0.0625 0.065625
2 0.26796875 0.81875 0.0734375 0.0875
2 0.26015625 0.73203125 0.0734375 0.0765625
2 0.5296875 0.58671875 0.078125 0.078125
2 0.446875 0.5078125 0.1125 0.071875
2 0.440625 0.68203125 0.0875 0.1015625
2 0.34453125 0.76015625 0.078125 0.0859375
2 0.31953125 0.6859375 0.0609375 0.078125