3 0.50625 0.48203125 0.9125 0.9328125
2 0.1796875 0.2515625 0.16875 0.128125
2 0.1984375 0.490625 0.09375 0.075
2 0.27421875 0.73671875 0.1609375 0.1234375
2 0.4484375 0.79609375 0.134375 0.1140625
2 0.54921875 0.896875 0.1078125 0.0875
2 0.7109375 0.8875 0.08125 0.084375
2 0.63359375 0.7328125 0.0734375 0.071875
2 0.56015625 0.6234375 0.1140625 0.109375
2 0.81484375 0.78984375 0.0609375 0.0796875
2 0.7078125 0.60625 0.065625 0.0875
2 0.75625 0.5546875 0.059375 0.059375
2 0.82109375 0.5921875 0.0578125 0.084375
2 0.83671875 0.48671875 0.0515625 0.084375
2 0.9296875 0.49453125 0.053125 0.0765625
2 0.90546875 0.36328125 0.046875 0.0734375
2 0.846875 0.2359375 0.0625 0.065625
2 0.73203125 0.18125 0.0734375 0.0875
2 0.73984375 0.26796875 0.0734375 0.0765625
2 0.4703125 0.41328125 0.078125 0.078125
2 0.553125 0.4921875 0.1125 0.071875
2 0.559375 0.31796875 0.0875 0.1015625
2 0.65546875 0.23984375 0.078125 0.0859375
2 0.68046875 0.3140625 0.0609375 0.078125