3 0.48203125 0.49375 0.9328125 0.91171875
2 0.2515625 0.8203125 0.1296875 0.16875
2 0.490625 0.8015625 0.075 0.09375
2 0.73671875 0.72578125 0.12265625 0.16015625
2 0.79609375 0.5515625 0.11484375 0.1328125
2 0.896875 0.45078125 0.08828125 0.1078125
2 0.8875 0.2890625 0.084375 0.08203125
2 0.7328125 0.36640625 0.071875 0.0734375
2 0.6234375 0.43984375 0.1109375 0.11484375
2 0.78984375 0.18515625 0.0796875 0.0609375
2 0.60625 0.2921875 0.08671875 0.06640625
2 0.5546875 0.24375 0.06015625 0.06015625
2 0.5921875 0.17890625 0.08359375 0.05859375
2 0.48671875 0.16328125 0.084375 0.05078125
2 0.49453125 0.0703125 0.0765625 0.0515625
2 0.36328125 0.09453125 0.07265625 0.046875
2 0.2359375 0.153125 0.065625 0.0625
2 0.18125 0.26796875 0.0875 0.0734375
2 0.26796875 0.26015625 0.0765625 0.07421875
2 0.41328125 0.5296875 0.078125 0.0796875
2 0.4921875 0.446875 0.0703125 0.1140625
2 0.31796875 0.440625 0.10078125 0.0875
2 0.23984375 0.34453125 0.0859375 0.078125
2 0.3140625 0.31953125 0.07890625 0.06171875