3 0.55078125 0.5 0.8984375 1
2 0.92265625 0.1578125 0.1546875 0.278125
2 0.8953125 0.4359375 0.1625 0.253125
2 0.7265625 0.43203125 0.13125 0.178125
2 0.8765625 0.8078125 0.178125 0.290625
2 0.665625 0.1171875 0.140625 0.18125
2 0.6328125 0.921875 0.11875 0.15625
2 0.621875 0.6578125 0.08125 0.240625
2 0.50546875 0.55390625 0.0984375 0.2234375
2 0.50859375 0.31796875 0.0953125 0.1546875
2 0.50546875 0.1734375 0.0515625 0.1625
2 0.546875 0.034375 0.046875 0.06875
2 0.43046875 0.03125 0.0953125 0.0625
2 0.42734375 0.22109375 0.0921875 0.1421875
2 0.48203125 0.85703125 0.1015625 0.2328125
2 0.38828125 0.88671875 0.08125 0.21875
2 0.35390625 0.73359375 0.1046875 0.215625
2 0.27265625 0.87578125 0.1015625 0.1984375
2 0.3578125 0.546875 0.084375 0.128125
2 0.3296875 0.2265625 0.075 0.215625
2 0.2828125 0.41640625 0.0875 0.2015625
2 0.29140625 0.0265625 0.0828125 0.053125
2 0.246875 0.14296875 0.0875 0.1953125
2 0.271875 0.6578125 0.06875 0.11875
2 0.19375 0.78359375 0.096875 0.1625
2 0.19140625 0.58203125 0.0890625 0.209375
2 0.16484375 0.31640625 0.0953125 0.115625