3 0.44921875 0.5 0.8984375 1
2 0.07734375 0.8421875 0.1546875 0.278125
2 0.1046875 0.5640625 0.1625 0.253125
2 0.2734375 0.56796875 0.13125 0.178125
2 0.1234375 0.1921875 0.178125 0.290625
2 0.334375 0.8828125 0.140625 0.18125
2 0.3671875 0.078125 0.11875 0.15625
2 0.378125 0.3421875 0.08125 0.240625
2 0.49453125 0.44609375 0.0984375 0.2234375
2 0.49140625 0.68203125 0.0953125 0.1546875
2 0.49453125 0.8265625 0.0515625 0.1625
2 0.453125 0.965625 0.046875 0.06875
2 0.56953125 0.96875 0.0953125 0.0625
2 0.57265625 0.77890625 0.0921875 0.1421875
2 0.51796875 0.14296875 0.1015625 0.2328125
2 0.61171875 0.11328125 0.08125 0.21875
2 0.64609375 0.26640625 0.1046875 0.215625
2 0.72734375 0.12421875 0.1015625 0.1984375
2 0.6421875 0.453125 0.084375 0.128125
2 0.6703125 0.7734375 0.075 0.215625
2 0.7171875 0.58359375 0.0875 0.2015625
2 0.70859375 0.9734375 0.0828125 0.053125
2 0.753125 0.85703125 0.0875 0.1953125
2 0.728125 0.3421875 0.06875 0.11875
2 0.80625 0.21640625 0.096875 0.1625
2 0.80859375 0.41796875 0.0890625 0.209375
2 0.83515625 0.68359375 0.0953125 0.115625