3 0.5 0.55078125 0.99921875 0.8984375
2 0.8421875 0.92265625 0.2796875 0.1546875
2 0.5640625 0.8953125 0.2515625 0.16171875
2 0.56796875 0.7265625 0.178125 0.13125
2 0.1921875 0.8765625 0.2921875 0.17734375
2 0.8828125 0.665625 0.18125 0.14140625
2 0.078125 0.6328125 0.15625 0.11875
2 0.3421875 0.621875 0.23984375 0.08203125
2 0.44609375 0.50546875 0.22421875 0.0984375
2 0.68203125 0.50859375 0.1546875 0.09609375
2 0.8265625 0.50546875 0.1625 0.05078125
2 0.965625 0.546875 0.06875 0.04765625
2 0.96875 0.43046875 0.06171875 0.0953125
2 0.77890625 0.42734375 0.1421875 0.0921875
2 0.14296875 0.48203125 0.23203125 0.10234375
2 0.11328125 0.38828125 0.21875 0.08125
2 0.26640625 0.35390625 0.215625 0.10546875
2 0.12421875 0.27265625 0.19765625 0.10234375
2 0.453125 0.3578125 0.12734375 0.084375
2 0.7734375 0.3296875 0.2171875 0.075
2 0.58359375 0.2828125 0.20234375 0.08828125
2 0.9734375 0.29140625 0.053125 0.08359375
2 0.85703125 0.246875 0.19609375 0.0875
2 0.3421875 0.271875 0.11953125 0.0703125
2 0.21640625 0.19375 0.1625 0.09609375
2 0.41796875 0.19140625 0.209375 0.08984375
2 0.68359375 0.16484375 0.115625 0.09609375