3 0.521875 0.50546875 0.715625 0.7890625
0 0.725 0.63125 0.05390625 0.09453125
0 0.63828125 0.61015625 0.10703125 0.0578125
0 0.62890625 0.55078125 0.0453125 0.0890625
0 0.66875 0.5484375 0.0640625 0.02109375
0 0.5171875 0.5984375 0.06328125 0.12421875
0 0.37421875 0.5671875 0.0375 0.07578125
0 0.41796875 0.51796875 0.02890625 0.07734375
0 0.5734375 0.46015625 0.028125 0.03828125
0 0.63359375 0.39296875 0.08515625 0.05390625
0 0.57421875 0.29375 0.07421875 0.0265625
0 0.54921875 0.3671875 0.04296875 0.04609375
0 0.4875 0.384375 0.0609375 0.0421875
0 0.48046875 0.42578125 0.03828125 0.0265625
0 0.40859375 0.44140625 0.06640625 0.07890625
0 0.32578125 0.3890625 0.028125 0.07109375
0 0.36640625 0.2609375 0.0265625 0.0984375
0 0.434375 0.31328125 0.0515625 0.0703125