3 0.50546875 0.478125 0.7890625 0.715625
0 0.63125 0.275 0.09375 0.053125
0 0.61015625 0.36171875 0.0578125 0.1078125
0 0.55078125 0.37109375 0.0890625 0.0453125
0 0.5484375 0.33125 0.021875 0.0625
0 0.5984375 0.4828125 0.125 0.0625
0 0.5671875 0.62578125 0.075 0.0375
0 0.51796875 0.58203125 0.0765625 0.0296875
0 0.46015625 0.4265625 0.0390625 0.028125
0 0.39296875 0.36640625 0.0546875 0.0859375
0 0.29375 0.42578125 0.025 0.0734375
0 0.3671875 0.45078125 0.046875 0.0421875
0 0.384375 0.5125 0.04375 0.0625
0 0.42578125 0.51953125 0.0265625 0.0390625
0 0.44140625 0.59140625 0.0796875 0.0671875
0 0.3890625 0.67421875 0.071875 0.028125
0 0.2609375 0.63359375 0.096875 0.0265625
0 0.31328125 0.565625 0.0703125 0.05