3 0.50234375 0.71328125 0.9953125 0.5734375
1 0.0703125 0.8703125 0.11875 0.07734375
1 0.14609375 0.78515625 0.09375 0.0703125
1 0.0609375 0.70703125 0.06875 0.0234375
1 0.10703125 0.653125 0.12578125 0.059375
1 0.04921875 0.62421875 0.071875 0.08203125
1 0.2125 0.634375 0.08984375 0.0609375
1 0.2375 0.69765625 0.09296875 0.0625
1 0.2796875 0.590625 0.0578125 0.03125
1 0.315625 0.653125 0.08203125 0.06015625
1 0.4234375 0.67421875 0.10390625 0.08828125
1 0.41640625 0.590625 0.08671875 0.0578125
1 0.459375 0.53203125 0.190625 0.06640625
1 0.653125 0.57890625 0.0796875 0.05390625
1 0.58203125 0.63125 0.08125 0.07109375
1 0.5 0.7484375 0.0765625 0.065625
1 0.5609375 0.7703125 0.08125 0.0796875
1 0.66953125 0.77265625 0.0921875 0.06484375
1 0.74609375 0.5921875 0.07890625 0.06484375
1 0.67890625 0.6953125 0.1359375 0.08671875
1 0.815625 0.70546875 0.09140625 0.0625
1 0.88125 0.7984375 0.1484375 0.1265625
1 0.63359375 0.8796875 0.10078125 0.1
1 0.57421875 0.97421875 0.0796875 0.0515625
1 0.31796875 0.9671875 0.08515625 0.06015625