3 0.28671875 0.50234375 0.5734375 0.9953125
1 0.1296875 0.0703125 0.078125 0.11875
1 0.21484375 0.14609375 0.0703125 0.09375
1 0.29296875 0.0609375 0.0234375 0.06875
1 0.346875 0.10703125 0.059375 0.1265625
1 0.37578125 0.04921875 0.0828125 0.071875
1 0.365625 0.2125 0.0625 0.090625
1 0.30234375 0.2375 0.0625 0.09375
1 0.409375 0.2796875 0.03125 0.059375
1 0.346875 0.315625 0.059375 0.08125
1 0.32578125 0.4234375 0.0890625 0.103125
1 0.409375 0.41640625 0.05625 0.0859375
1 0.46796875 0.459375 0.0671875 0.190625
1 0.42109375 0.653125 0.0546875 0.08125
1 0.36875 0.58203125 0.071875 0.08125
1 0.2515625 0.5 0.065625 0.075
1 0.2296875 0.5609375 0.078125 0.08125
1 0.22734375 0.66953125 0.0640625 0.0921875
1 0.4078125 0.74609375 0.065625 0.0796875
1 0.3046875 0.67890625 0.0875 0.1359375
1 0.29453125 0.815625 0.0625 0.090625
1 0.2015625 0.88125 0.128125 0.15
1 0.1203125 0.63359375 0.1 0.1015625
1 0.02578125 0.57421875 0.0515625 0.0796875
1 0.0328125 0.31796875 0.059375 0.0859375