3 0.5 0.51953125 1 0.96015625
2 0.60546875 0.4375 0.24296875 0.1453125
2 0.16484375 0.70625 0.31171875 0.16640625
2 0.23125 0.528125 0.23515625 0.16171875
2 0.4515625 0.48359375 0.13984375 0.146875
2 0.36484375 0.2671875 0.240625 0.13828125
2 0.16953125 0.346875 0.09375 0.13828125
2 0.646875 0.21875 0.1328125 0.103125
2 0.8984375 0.21640625 0.2 0.1078125
2 0.7375 0.38671875 0.1390625 0.0765625
2 0.1453125 0.93984375 0.290625 0.1203125
2 0.5390625 0.878125 0.19765625 0.096875
2 0.37109375 0.128125 0.18828125 0.07734375