2 0.3109375 0.81796875 0.11015625 0.0671875
2 0.071875 0.73671875 0.0953125 0.05078125
2 0.23515625 0.7015625 0.09765625 0.03984375
2 0.259375 0.659375 0.0921875 0.04765625
2 0.29609375 0.609375 0.0875 0.046875
2 0.26796875 0.515625 0.078125 0.05
2 0.3703125 0.5765625 0.08671875 0.03828125
2 0.78515625 0.6609375 0.07421875 0.04296875
2 0.953125 0.64765625 0.09296875 0.0484375
2 0.928125 0.56015625 0.08671875 0.03671875
2 0.7828125 0.590625 0.071875 0.034375
2 0.80078125 0.5375 0.0921875 0.03828125
2 0.7265625 0.45390625 0.07421875 0.04140625
2 0.553125 0.46328125 0.07421875 0.04296875
2 0.46328125 0.51484375 0.08203125 0.03984375
3 0.5 0.68515625 1 0.5578125