2 0.18203125 0.3109375 0.0671875 0.109375
2 0.26328125 0.071875 0.0515625 0.09375
2 0.2984375 0.23515625 0.040625 0.0984375
2 0.340625 0.259375 0.046875 0.09375
2 0.390625 0.29609375 0.046875 0.0875
2 0.484375 0.26796875 0.05 0.078125
2 0.4234375 0.3703125 0.0375 0.0875
2 0.3390625 0.78515625 0.04375 0.0734375
2 0.35234375 0.953125 0.0484375 0.09375
2 0.43984375 0.928125 0.0359375 0.0875
2 0.409375 0.7828125 0.034375 0.071875
2 0.4625 0.80078125 0.0375 0.0921875
2 0.54609375 0.7265625 0.0421875 0.075
2 0.53671875 0.553125 0.0421875 0.075
2 0.48515625 0.46328125 0.0390625 0.0828125
3 0.31484375 0.5 0.5578125 1