2 0.81796875 0.6890625 0.0671875 0.109375
2 0.73671875 0.928125 0.0515625 0.09375
2 0.7015625 0.76484375 0.040625 0.0984375
2 0.659375 0.740625 0.046875 0.09375
2 0.609375 0.70390625 0.046875 0.0875
2 0.515625 0.73203125 0.05 0.078125
2 0.5765625 0.6296875 0.0375 0.0875
2 0.6609375 0.21484375 0.04375 0.0734375
2 0.64765625 0.046875 0.0484375 0.09375
2 0.56015625 0.071875 0.0359375 0.0875
2 0.590625 0.2171875 0.034375 0.071875
2 0.5375 0.19921875 0.0375 0.0921875
2 0.45390625 0.2734375 0.0421875 0.075
2 0.46328125 0.446875 0.0421875 0.075
2 0.51484375 0.53671875 0.0390625 0.0828125
3 0.68515625 0.5 0.5578125 1