3 0.709375 0.51171875 0.58125 0.9640625
2 0.4921875 0.46171875 0.071875 0.0953125
2 0.521875 0.2953125 0.06875 0.103125
2 0.5515625 0.1640625 0.078125 0.109375
2 0.565625 0.41171875 0.071875 0.109375
2 0.59765625 0.278125 0.075 0.109375
2 0.63984375 0.15625 0.078125 0.0875
2 0.665625 0.48125 0.071875 0.040625
2 0.6625 0.35625 0.0875 0.1125
2 0.70703125 0.24375 0.090625 0.10625
2 0.75625 0.453125 0.090625 0.08125
2 0.871875 0.46796875 0.075 0.0390625
2 0.865625 0.3828125 0.090625 0.1125
2 0.7796875 0.31875 0.090625 0.121875