3 0.48828125 0.709375 0.96484375 0.58125
2 0.53828125 0.4921875 0.09609375 0.0703125
2 0.7046875 0.521875 0.1046875 0.0671875
2 0.8359375 0.5515625 0.1078125 0.0765625
2 0.58828125 0.565625 0.109375 0.07265625
2 0.721875 0.59765625 0.11015625 0.075
2 0.84375 0.63984375 0.0875 0.078125
2 0.51875 0.665625 0.04140625 0.07109375
2 0.64375 0.6625 0.1140625 0.08671875
2 0.75625 0.70703125 0.1078125 0.090625
2 0.546875 0.75625 0.08046875 0.09140625
2 0.53203125 0.871875 0.0390625 0.0765625
2 0.6171875 0.865625 0.1125 0.090625
2 0.68125 0.7796875 0.12109375 0.0921875